,id,availablecar,availablemotor,availablebus,ChargeStation.scoketStatusList,wgs84x,wgs84y,totalcar,totalmotor,totalbike,payex,payex_major,Time,time
0,001,17,0,-9,,121.56299732925112,25.036088713997717,2025.0,1360.0,31.0,"計時：汽車日間(9-18)30元/時，夜間(18-9)10元/時，全程以半小時計費，月租：汽車全日3,400元/月，日間(7-19)2,400元/月、夜間(週一至週五19-8，週六、週日與行政機關放假之紀念日與民俗日全日使用)；機車月票300元/月，計次：20元/次。",30.0,Tue Jun 02 11:30:00 CST 2020,11:30:00
1,002,70,-9,-9,,121.56628035534453,25.037146696000363,455.0,0.0,0.0,"計時：週一至週五(9-22)30元/時，(22-9)10元/時，週六至週日與行政機關放假之紀念日與民俗日全日使用(9-22)40元/時，(22-9)10元/時，全程以半小時計費。月租：全日月票3,400元/月，日間月票(7-20)2,400元/月，夜間月票(20-7)1,000元/月，(週一至週五19-8，週六、週日與行政機關放假之紀念日與民俗日全日使用)。，(22-9時)計時10元(全程以半小時計費)。",30.0,Tue Jun 02 11:30:00 CST 2020,11:30:00
2,003,3,0,-9,"[{'spot_abrv': 'EC99-127', 'spot_status': '待機中'}, {'spot_abrv': 'EC99-128', 'spot_status': '待機中'}]",121.5662260284535,25.028806331929665,174.0,204.0,0.0,"計時：小型車計時30元，全程以半小時計費；機車10元/時，當日當次最高收費上限20元(隔日另計)。月票：小型車全日月票5,000元，日間優惠月票2,600元(7-19)；機車月票300元。",30.0,Tue Jun 02 11:30:00 CST 2020,11:30:00
3,004,62,-9,-9,,121.57187070518074,25.047444247514896,209.0,0.0,0.0,"計時：周一至周四40元/時，周五至周日與行政機關放假之紀念日與民俗日50元/時，全程以半小時計費。月租：全日月票4,800元，夜間月票2,000元(周一至周五19-08，周六、周日與行政機關放假之紀念日、民俗日全日使用。",40.0,Tue Jun 02 11:30:00 CST 2020,11:30:00
4,005,57,45,-9,"[{'spot_abrv': 'EC69', 'spot_status': '待機中'}, {'spot_abrv': 'EC70', 'spot_status': '待機中'}]",121.50356949655344,25.118430183567227,209.0,97.0,0.0,"計時：小型車30元/時，全程以半小時計費。月租：小型車全日月票4,800元；日間月票(07-19)2,800元；夜間月票(19-08)2,000元，機車月票300元。計次：機車20元/次(隔日另計)。",30.0,Tue Jun 02 11:30:00 CST 2020,11:30:00
5,006,0,73,-9,,121.5011099703053,25.126452954216212,0.0,154.0,0.0,計次：20元/次，隔日另計(凌晨2時為跨日基準)。機車全時月票：300元/月(身心障礙者5折優惠)。,20.0,Tue Jun 02 11:30:00 CST 2020,11:30:00
6,007,107,134,-9,"[{'spot_abrv': 'EC99-101', 'spot_status': '待機中'}, {'spot_abrv': 'EC99-102', 'spot_status': '待機中'}, {'spot_abrv': 'EC99-103', 'spot_status': '待機中'}, {'spot_abrv': 'EC99-104', 'spot_status': '待機中'}]",121.49920699677828,25.02899272394761,519.0,215.0,0.0,"計時：小型車20元/時，全程以半小時計費，月租：小型車全日4,800元/月，日間(7-19)月票2,800/月，夜間(19-8)月票2,000元/月，所在里(日善里)里民月票3,360元，300公尺內設籍里(雙園里、頂碩里、新安里、新忠里)3,840元/月，機車全日300元/月。計次：機車20元／次。",20.0,Tue Jun 02 11:30:00 CST 2020,11:30:00
7,008,36,4,-9,,121.50305872623564,2.509989006595393,288.0,54.0,0.0,"機車計次20元/次(隔日另計，凌晨2時為基準)。汽車全日月票2,500元/月；機車全日月票300元/月。",20.0,Tue Jun 02 11:30:00 CST 2020,11:30:00
8,014,59,0,-9,"[{'spot_abrv': 'EC43', 'spot_status': '待機中'}, {'spot_abrv': 'EC44', 'spot_status': '充電中'}, {'spot_abrv': 'EC45', 'spot_status': '待機中'}, {'spot_abrv': 'EC46', 'spot_status': '充電中'}]",121.57280999836064,25.03490591576873,456.0,0.0,0.0,"計時：30元/時，全程以半小時計費。月票：全日月票4,800元，日間月票2,800元(7-19)，夜間月票2,200元(19-8)。",30.0,Tue Jun 02 11:30:00 CST 2020,11:30:00
9,015,198,935,-9,"[{'spot_abrv': 'EC57', 'spot_status': '充電中'}, {'spot_abrv': 'EC58', 'spot_status': '待機中'}, {'spot_abrv': 'EC59', 'spot_status': '待機中'}, {'spot_abrv': 'EC60', 'spot_status': '待機中'}]",121.50538537329071,25.04403660291737,529.0,1674.0,14.0,"計時：小型車週一至週五：50元/時(10-22)，10元/時(22-10)；週六至週日及政府行政機關放假之紀念日及民俗節日60元/時(10-24)，10元/時(22-10)，全程以半小時計費。月租：小型車全日月票4,800元/月，日間月票4,000元/月(10-22)，夜間月票500元/月(21-09)；機車月票300元/月。計次：機車20元/次，隔日另計。",50.0,Tue Jun 02 11:30:00 CST 2020,11:30:00
10,016,0,-9,-9,"[{'spot_abrv': 'EC07', 'spot_status': '待機中'}, {'spot_abrv': 'EC08', 'spot_status': '待機中'}]",121.51045808475632,25.044012218775826,431.0,0.0,0.0,"週一至週五(8-20)計時40元，(20-8)計時10元，週六、日及政府行政機關放假之紀念日與民俗節日(10-20)計時40元，(20-10)計時10元，月租全日4,600元，日間(07-19)3,600元，夜間(19-08)1,000元。",40.0,Tue Jun 02 11:30:00 CST 2020,11:30:00
11,018,252,0,-9,,121.50587417219158,25.04824401985601,1718.0,283.0,0.0,"計時：小型車週一至週五20元/時(08-22)，10元/時(22-08)，週六、週日及政府行政機關放假之紀念日與民俗節日20元/時(08-10)，30元/時(10-22)，10元/時(22-08)。月租：小型車全日4,000元/月，日間2,400元/月(07-20)，夜間900元/月(20-07)，機車300元/月。計次：機車20元/次(隔日另計)。",20.0,Tue Jun 02 11:30:00 CST 2020,11:30:00
12,019,29,0,-9,"[{'spot_abrv': 'EC41', 'spot_status': '待機中'}, {'spot_abrv': 'EC42', 'spot_status': '待機中'}]",121.51098000202805,25.050819231969136,159.0,0.0,0.0,"計時：30元/時，全程以半小時計費。全日月票5,760元，夜間月票3,000元(21-8)。",30.0,Tue Jun 02 11:30:00 CST 2020,11:30:00
13,020,54,-9,-9,"[{'spot_abrv': 'EC01', 'spot_status': '待機中'}, {'spot_abrv': 'EC02', 'spot_status': '待機中'}]",121.5239985439963,25.08615067568061,236.0,0.0,0.0,"計時：週一至週四(0-9)10元/時，(9-22)40元/時，(22-24)10元/時；週五至週日與行政機關放假之紀念日與民俗日(0-1)50元/時，(01-12)10元/時，(12-24)10元/時，全程半小時計費。月租：日間月票(07-19)1,500元，夜間月票(21-08)1,500元。",10.0,Tue Jun 02 11:30:00 CST 2020,11:30:00
14,021,86,-9,-9,"[{'spot_abrv': 'EC65', 'spot_status': '待機中'}, {'spot_abrv': 'EC66', 'spot_status': '待機中'}, {'spot_abrv': 'EC67', 'spot_status': '待機中'}, {'spot_abrv': 'EC68', 'spot_status': '待機中'}]",121.52028870186643,25.08537233189805,535.0,0.0,0.0,"計時20元(02-19時)，計時40元(19-02時)全程以半小時計費。月租：全日5,200元，日間(07-19時)2,600元。",20.0,Tue Jun 02 11:30:00 CST 2020,11:30:00
15,022,161,-9,-9,"[{'spot_abrv': 'EC99-155', 'spot_status': '待機中'}, {'spot_abrv': 'EC99-156', 'spot_status': '待機中'}]",121.5804418082527,25.046627191964273,214.0,0.0,0.0,"計時：小型車周一至周四40元/時，小型車周五至周日及行政機關放假之紀念日及民俗節日50元/時，全程以半小時計費。月租：小型車全日月票4,000元，夜間月票3,000元(19-8)。",40.0,Tue Jun 02 11:30:00 CST 2020,11:30:00
16,023,159,0,-9,"[{'spot_abrv': 'EC87', 'spot_status': '充電完成'}, {'spot_abrv': 'EC88', 'spot_status': '待機中'}, {'spot_abrv': 'EC89', 'spot_status': '待機中'}, {'spot_abrv': 'EC90', 'spot_status': '待機中'}]",121.5579743612294,25.06161216210689,731.0,0.0,0.0,"計時：30元/時(08-22)，10元/時(22-08)，全程以半小時計費。月租：全日月票5,250元，日間月票2,800元(07-19)。",30.0,Tue Jun 02 11:30:00 CST 2020,11:30:00
17,024,67,-9,-9,"[{'spot_abrv': 'EC99-147', 'spot_status': '充電完成'}, {'spot_abrv': 'EC99-148', 'spot_status': '待機中'}]",121.53164895314428,25.029525642570363,193.0,0.0,0.0,"計時：(8-22)50元/時，(22-08)10元，全程以半小時計費。月租：全日6,000元。本場提供計程車免費一小時服務。",50.0,Tue Jun 02 11:30:00 CST 2020,11:30:00
18,025,81,0,-9,"[{'spot_abrv': 'EC99-115', 'spot_status': '待機中'}, {'spot_abrv': 'EC99-116', 'spot_status': '待機中'}]",121.51055591219452,25.024421517043624,261.0,0.0,0.0,"計時：30元/時，全程以半小時計費。月租：5,250元，夜間月票2,800元(18-8)。本場提供計程車免費一小時服務。",30.0,Tue Jun 02 11:30:00 CST 2020,11:30:00
19,027,177,-9,-9,"[{'spot_abrv': 'EC99-149', 'spot_status': '離線'}, {'spot_abrv': 'EC99-150', 'spot_status': '離線'}, {'spot_abrv': 'EC99-151', 'spot_status': '離線'}, {'spot_abrv': 'EC99-152', 'spot_status': '離線'}]",121.54378663640327,24.995261603586147,750.0,0.0,0.0,"計時：20元/時，全程以半小時計費。月租：全日4,800元/月，日間月票2,400元/月(7-19)，夜間月票1,500元/月(19-8)。",20.0,Tue Jun 02 11:30:00 CST 2020,11:30:00
20,028,61,-9,-9,"[{'spot_abrv': 'EC55', 'spot_status': '待機中'}, {'spot_abrv': 'EC56', 'spot_status': '待機中'}]",121.56407481428236,25.04407662008312,231.0,0.0,0.0,"計時：週一至週五(0-8)10元/時、(8-20)30元/時、(20-24)10元/時，週六、日與行政機關放假之紀念日及民俗日(0-8)10元/時、(8-9)30元/時、(9-19)60元/時、(19-20)30元/時、(20-24)10元/時。月租：全日月票5,760元。",10.0,Tue Jun 02 11:30:00 CST 2020,11:30:00
21,029,58,-9,-9,"[{'spot_abrv': 'EC99-105', 'spot_status': '待機中'}, {'spot_abrv': 'EC99-106', 'spot_status': '待機中'}]",121.6156987287838,25.06854628680099,365.0,111.0,0.0,"計時：小型車(08-18)40元/時、(18-08)20元/時，全程以半小時計費。月租：小型車全日月票4,000元，日間月票2,000元(07-19)，夜間2,000元(19-08)，機車月票300元。計次：機車20元/次，隔日另計。",40.0,Tue Jun 02 11:30:00 CST 2020,11:30:00
22,030,17,-9,-9,"[{'spot_abrv': 'EC75', 'spot_status': '待機中'}, {'spot_abrv': 'EC76', 'spot_status': '待機中'}]",121.51046820499641,25.05839275625122,201.0,0.0,0.0,"計時:40元(08-19)，10元/時(19-8)，全程以半小時計費。月票:全日5,760元/月，夜間2,000元(19-8)。",40.0,Tue Jun 02 11:30:00 CST 2020,11:30:00
23,031,1,0,-9,"[{'spot_abrv': 'EC97', 'spot_status': '待機中'}, {'spot_abrv': 'EC98', 'spot_status': '待機中'}]",121.54229161052989,25.036291387582803,118.0,0.0,0.0,"計時：(8-21)50元/時，(21-8)10元/時，全程以半小時計費。月租：全日5,760元。本場提供計程車免費一小時服務。",50.0,Tue Jun 02 11:30:00 CST 2020,11:30:00
24,032,90,0,-9,"[{'spot_abrv': 'EC99-133', 'spot_status': '待機中'}, {'spot_abrv': 'EC99-134', 'spot_status': '待機中'}]",121.56588222963543,25.055812154256817,348.0,0.0,0.0,"計時：30元/時(08-22)，10元/時(22-08)，全程以半小時計費。月租：全日月票5,250元，日間月票2,800元(07-19)，夜間月票2,450元(18-09)。",30.0,Tue Jun 02 11:30:00 CST 2020,11:30:00
25,033,10,-9,-9,,121.53770541657593,25.04611263356597,154.0,0.0,0.0,"計時20元，全程以半小時計費。全日月票4,800元/月，里民優惠月票3,840元/月(中山區朱崙里、力行里、朱園里；大安區民輝里、昌隆里)，所在里民月票3,360元/月(中山區埤頭里)。日間月票3,000元/月(07-20時)，夜間月票2,000元/月(20-07時)",20.0,Tue Jun 02 11:30:00 CST 2020,11:30:00
26,034,38,-9,-9,,121.55862421844368,25.006274817941584,132.0,0.0,0.0,計時：20元(08-18)/時，10元(18-隔日08)/時，全程以半小時計費。月租：全日月票3840元/月，里民優惠(興昌里)全日月票2688元/月，里民優惠(興泰里)全日月票3000元/月。,20.0,Tue Jun 02 11:30:00 CST 2020,11:30:00
27,035,1,0,-9,"[{'spot_abrv': 'EC63', 'spot_status': '待機中'}, {'spot_abrv': 'EC64', 'spot_status': '充電中'}]",121.51980805543691,25.060906545315447,273.0,0.0,0.0,"計時40元(09-21時)，30元(21-09時)全程以半小時計費。月租：全日優惠5,760元，夜間(19-08)優惠月票2,400元。本場提供計程車免費一小時服務。",40.0,Tue Jun 02 11:30:00 CST 2020,11:30:00
28,036,0,0,-9,"[{'spot_abrv': 'EC05', 'spot_status': '待機中'}, {'spot_abrv': 'EC06', 'spot_status': '待機中'}]",121.50393615359008,25.131128363060927,239.0,0.0,0.0,"計時：40元/時(7-22時)，10元/時(22-07時)，全程以半小時計費。月租：全日4,000元。",40.0,Tue Jun 02 11:30:00 CST 2020,11:30:00
29,037,69,-9,-9,"[{'spot_abrv': 'EC23', 'spot_status': '充電完成'}, {'spot_abrv': 'EC24', 'spot_status': '待機中'}]",121.54185486111471,25.03263507362081,526.0,0.0,0.0,"計時：30元/時(9-21)，10元/時(21-9)，全程以半小時計費。月租：全日5,760元，日間4,200元(7-20)，夜間1,500元(20-7)。本場提供計程車免費一小時服務。",30.0,Tue Jun 02 11:30:00 CST 2020,11:30:00
30,038,0,-9,-9,,121.58604991761551,25.045886363175413,185.0,0.0,0.0,"計時：週一到週五(08-18)20元/時，週一到週五(18-08)及假日全日30元/時。全程以半小時計費，月租：全日4,500元/月，里民優惠3,600元/月(萬福里、鴻福里、聯成里、合成里)， 所在里里民優惠3,150元/月(成福里)，日間(07-19)2,200元/月，夜間(19-07)2,400元/月。",20.0,Tue Jun 02 11:30:00 CST 2020,11:30:00
31,039,108,-9,-9,,121.50595328004087,25.08958139526851,266.0,0.0,0.0,"計時：20元/時，全程以半小時計費。月租：全日3,600元/月，全日里民優惠(社新里、社子里、永倫里)2,880元/月，所在地全日里民優惠(社園里)2,520元/月，夜間18-08)1,800元/月(。",20.0,Tue Jun 02 11:30:00 CST 2020,11:30:00
32,040,77,-9,-9,"[{'spot_abrv': 'EC93', 'spot_status': '待機中'}, {'spot_abrv': 'EC94', 'spot_status': '待機中'}]",121.5623546517732,25.056537955208718,199.0,0.0,0.0,"計時：30元/時，全程以半小時計費。月租：全日月票5,250元。",30.0,Tue Jun 02 11:30:00 CST 2020,11:30:00
33,041,46,0,-9,"[{'spot_abrv': 'EC99-119', 'spot_status': '待機中'}, {'spot_abrv': 'EC99-120', 'spot_status': '充電中'}]",121.56778319103674,25.040419316888965,321.0,260.0,22.0,"計時：小型車40元/時，全程以半小時計費；機車10元/時(當日當次最高收費20元，隔日另計)。月票：小型車全日月票5,200元，日間月票3,600元(7-19)，夜間月票2,880元(19-8)，機車全日月票300元。",40.0,Tue Jun 02 11:30:00 CST 2020,11:30:00
34,042,78,0,-9,"[{'spot_abrv': 'EC85', 'spot_status': '待機中'}, {'spot_abrv': 'EC86', 'spot_status': '待機中'}]",121.5198756850295,25.051488853269035,333.0,163.0,16.0,"計時：周一至周五30元/時(08-22)，夜間計時10元/時(22-08)，假日與行政機關放假之紀念日與民俗日40元/時(8-22)，夜間計時10元/時(22-08)，機車10元/時(當日最高收費30元，隔日另計)全程以半小時計費。月票：小型車全日月票7,200元，日間月票4,800元(8-19)，夜間月票2,400元(19-8)。機車全日月票300元。",30.0,Tue Jun 02 11:30:00 CST 2020,11:30:00
35,043,152,-9,-9,"[{'spot_abrv': 'EC51', 'spot_status': '充電中'}, {'spot_abrv': 'EC52', 'spot_status': '待機中'}, {'spot_abrv': 'EC53', 'spot_status': '待機中'}, {'spot_abrv': 'EC54', 'spot_status': '充電中'}]",121.6065022207724,25.056104493231352,650.0,156.0,15.0,"計時：小型車20元/時，全程以半小時計費。月租：小型車全日月票3,000元/月，機車月票300元/月。計次：機車20元/次，隔日另計。",20.0,Tue Jun 02 11:30:00 CST 2020,11:30:00
36,044,90,58,-9,"[{'spot_abrv': 'EC09', 'spot_status': '待機中'}, {'spot_abrv': 'EC10', 'spot_status': '待機中'}]",121.50778270012677,25.02377900463989,321.0,157.0,0.0,"計時30元，全程以半小時計費。月租：全日月票4,800元，夜間月票2,400元(18-8)。機車計次20元，機車月票300元。本場提供計程車免費一小時服務。",30.0,Tue Jun 02 11:30:00 CST 2020,11:30:00
37,046,48,130,-9,,121.57877277480469,24.997363528089696,154.0,204.0,0.0,汽車：平日20元/時(06-22)，10元/時(22-06)，假日60元/時(06-22)，10元/時(22-06)，全程以半小時計費。限時日間月票：800元/月(週一至五，平日06-21時)，機車20元/次，隔日另計(凌晨2時為基準跨日另計費)。全時月票：300元/月。,20.0,Tue Jun 02 11:30:00 CST 2020,11:30:00
38,048,162,-9,-9,"[{'spot_abrv': 'EC99-121', 'spot_status': '充電中'}, {'spot_abrv': 'EC99-122', 'spot_status': '待機中'}]",121.56581163492996,25.033146073617417,380.0,198.0,24.0,"計時：小型車周一至周五(8-22)40元/時，(22-8)10元/時，周六、周日及政府行政機關放假之紀念日與民俗日(8-22)50元/時，(22-8)10元/時，全程以半小時計費。月租：小型車全日月票4,800元，日間月票3,500元(7-20)，夜間月票500元(21-8)。機車全日月票300元，機車20元/次，跨日重新計算。",40.0,Tue Jun 02 11:30:00 CST 2020,11:30:00
39,049,53,-9,-9,,121.50289062096769,25.137677843340963,124.0,0.0,0.0,"計時：30元/時，全程以半小時計費。月租：全日3,000元/月。",30.0,Tue Jun 02 11:30:00 CST 2020,11:30:00
40,051,43,-9,-9,,121.6017372683209,25.08336182275569,221.0,0.0,0.0,計時：小型車20元/時，全程以半小時計費；機車10元/時，全程以半小時計費，當日當次最高收費上限20元，隔日另計。全日月票：小型車2400元/月，日間月票(07-20)：1200元/月，全日月票里民優惠(內湖區清白里、大湖里、秀湖里)2400元/月；機車全日月票300元/月。,20.0,Tue Jun 02 11:30:00 CST 2020,11:30:00
41,052,24,-9,-9,,121.56269810413806,25.05976155725468,155.0,0.0,0.0,"計時30元，全程以半小時計費。月租:全日5,760元/月，全日里民優惠4,032元/月所在里（三民里），全日里民優惠4,600元/月(富錦、東榮、介壽、富泰、新東、新益、精忠、東昌、莊敬里)。",30.0,Tue Jun 02 11:30:00 CST 2020,11:30:00
42,053,185,0,-9,"[{'spot_abrv': 'EC25', 'spot_status': '充電中'}, {'spot_abrv': 'EC26', 'spot_status': '充電完成'}]",121.55946417707716,25.058343554962697,467.0,0.0,10.0,"計時：30元/時，全程以半小時計費。月租：全日月票5,760元/月，里民優惠月票4,600元/月。",30.0,Tue Jun 02 11:30:00 CST 2020,11:30:00
43,054,1,-9,-9,,121.55241687691536,25.04872112149384,78.0,0.0,0.0,"計時：40元/時(09-21)，30元/時(21-09)，全程以半小時計費。月租：夜間(18-09)，周六、日及行政機關放假之紀念日、民俗節日之全日2,000元/月。",40.0,Tue Jun 02 11:30:00 CST 2020,11:30:00
44,055,35,-9,-9,"[{'spot_abrv': 'EC11', 'spot_status': '待機中'}, {'spot_abrv': 'EC12', 'spot_status': '待機中'}]",121.50914028970251,25.050366109625244,252.0,0.0,0.0,"計時：20元(8-20)，10元(20-8)，月租：日間2,400元(7-19)，夜間時段促銷優惠月票500元(18-9，假日白天亦可使用)。本場提供計程車免費一小時服務。",20.0,Tue Jun 02 11:30:00 CST 2020,11:30:00
45,056,460,183,-9,,121.53734524419693,25.032950276604506,1379.0,352.0,20.0,"計時：小型車周一至周五(8-23)20元/時，(23-8)10元/時；小型車周六、周日及政府行政機關放假之紀念日與民俗日(8-23)40元/時，(23-8)10元/時；機車10元/時(當日當次最高收費上限20元，隔日另計)，全程以半小時計費。月租：小型車全日月票4,200元，日間月票2,800元(7-19)，夜間月票2,000元(18-8)，機車全日月票300元。",20.0,Tue Jun 02 11:30:00 CST 2020,11:30:00
46,057,0,-9,-9,"[{'spot_abrv': 'EC15', 'spot_status': '充電中'}, {'spot_abrv': 'EC16', 'spot_status': '待機中'}]",121.5192046868518,25.048338052073213,184.0,0.0,0.0,"計時：30元/時，夜間10元/時(18-8)。全程以半小時計費。月租：全日4,800元，日間3,000元(7-19)，夜間1,200元(20-8)。",30.0,Tue Jun 02 11:30:00 CST 2020,11:30:00
47,058,33,-9,-9,"[{'spot_abrv': 'EC17', 'spot_status': '待機中'}, {'spot_abrv': 'EC18', 'spot_status': '待機中'}]",121.52273720740378,25.04790215620117,506.0,0.0,0.0,"計時：小型車周一至周五(9-18)30元/時，(18-9)20元/時；小型車周六、日與行政機關放假之紀念日、民俗日20元/時，全程以半小時計費。月租：小型車全日月票3,600元，日間月票2,400元(7-19)，夜間月票1,200元(周一至周五19-8，及周六、日與行政機關放假之紀念日、民俗日全日使用)。",30.0,Tue Jun 02 11:30:00 CST 2020,11:30:00
48,059,291,-9,-9,"[{'spot_abrv': 'EC19', 'spot_status': '充電中'}, {'spot_abrv': 'EC20', 'spot_status': '待機中'}]",121.527250118589,25.047065193965434,990.0,0.0,0.0,"計時：小型車20元/時，全程以半小時計費。月票：小型車全日月票3,600元，日間月票2,400元(7-19)，夜間月票1,000元(周一至周五19-8及周六、日與行政機關放假之紀念日、民俗日)。",20.0,Tue Jun 02 11:30:00 CST 2020,11:30:00
49,060,16,0,-9,"[{'spot_abrv': 'EC99-135', 'spot_status': '充電完成'}, {'spot_abrv': 'EC99-136', 'spot_status': '充電中'}]",121.54088480755804,25.04455620901249,178.0,0.0,0.0,計時：30元/時。,30.0,Tue Jun 02 11:30:00 CST 2020,11:30:00
50,061,191,-9,-9,,121.53895028213236,25.155182196801075,213.0,0.0,0.0,計時：週一至週五：小型車每小時20元。週六日、政府行政機關放假之紀念日及民俗節日：小型車每小時30元。(全程以半小時計算收費)。計次：機車每次20元(隔日另計)。花季及海芋季期間所有車種之收費費率及方式，依停管處通知之收費標準及方式實施。每日19時至羿日07時(含例假日)開放免費停車。,20.0,Tue Jun 02 11:30:00 CST 2020,11:30:00
51,062,8,0,-9,"[{'spot_abrv': 'EC99-137', 'spot_status': '充電完成'}, {'spot_abrv': 'EC99-138', 'spot_status': '充電中'}]",121.546772421139,25.04507796632736,219.0,0.0,0.0,"計時：週日至週四30元/時(08-12)，40元/時(12-23)，10元/時(23-08)，週五至週六40元/時(08-12)，50元/時(12-23)，10元/時(23-08)，全程以半小時計費。月租：全日月票6,500/月，日間月票3,600元/月(07-19)，夜間月票3,000元/月(19-08)。",30.0,Tue Jun 02 11:30:00 CST 2020,11:30:00
52,064,29,-9,-9,"[{'spot_abrv': 'EC99-139', 'spot_status': '待機中'}, {'spot_abrv': 'EC99-140', 'spot_status': '充電中'}]",121.55060926895426,25.044666200111408,218.0,0.0,0.0,"計時：週一週五30元/時(08-22)，夜間10元/時(22-08)，週六至週日30元/時(08-18)，40元/時(18-23)，夜間10元/時(23-08)，全程以半小時計費。月租：全日月票6,500/月，日間月票3,600元/月(07-19)，夜間月票3,000元/月(19-08)。",30.0,Tue Jun 02 11:30:00 CST 2020,11:30:00
53,065,13,-9,-9,"[{'spot_abrv': 'EC99-141', 'spot_status': '待機中'}, {'spot_abrv': 'EC99-142', 'spot_status': '待機中'}]",121.55357574195723,25.044366910499033,81.0,0.0,0.0,"計時：週日至週四30元/時(08-12)，40元/時(12-23)，10元/時(23-08)，週五至週六：40元/時(08-12)，50元/時(12-23)，10元/時(23-08)，全程以半小時計費。月租：全日月票6,500元/月，日間月票3,600元/月(07-19)，夜間月票3,000元/月(19-08)。",30.0,Tue Jun 02 11:30:00 CST 2020,11:30:00
54,066,51,-9,-9,,121.5158257444651,25.067464156455888,205.0,0.0,0.0,"計時：20元/時，全程以半小時計費。月租：全日3,840元。全日里民優惠3,000元(斯文里、至聖里、國慶里、隆和里、蓬萊里)。所在里全日里民優惠2,688元(揚雅里)。",20.0,Tue Jun 02 11:30:00 CST 2020,11:30:00
55,067,78,-9,-9,"[{'spot_abrv': 'EC99', 'spot_status': '待機中'}, {'spot_abrv': 'EC99-100', 'spot_status': '待機中'}]",121.49165503481794,25.02772831752749,321.0,0.0,0.0,"計時：30元/時(08-22)，10元/時(22-8)，全程以半小時計費，月票：全日5,200元。本場提供計程車免費一小時服務。",30.0,Tue Jun 02 11:30:00 CST 2020,11:30:00
56,068,148,39,-9,,121.52083300083989,25.099655112856226,227.0,299.0,10.0,"計時：小型車20元/時，機車10元/時，機車當日當次上限20元，隔日另計，全程以半小時計費。月租：小型車全日4,800元，里民優惠全日(德行里、福佳里、舊佳里)3,840元/月，所在里里民優惠全日(德華里)3,360元/月。機車300元/月。",20.0,Tue Jun 02 11:30:00 CST 2020,11:30:00
57,069,80,36,-9,"[{'spot_abrv': 'EC99-117', 'spot_status': '待機中'}, {'spot_abrv': 'EC99-118', 'spot_status': '待機中'}]",121.50327016338026,25.02354526390045,276.0,118.0,0.0,"計時30元，全程以半小時計費。月租：全日月票4,800元，夜間月票2,400元(18-8)。機車計次20元，機車月票300元。本場提供計程車免費一小時服務。",30.0,Tue Jun 02 11:30:00 CST 2020,11:30:00
58,070,15,0,-9,,121.53960743308023,25.063888753096517,247.0,69.0,0.0,"小型車計時：40元/時，全程以半小時計費。小型車月租：全日5,400元/月，所在里(行仁里)全日里民優惠月票3,780元/月，周邊里(行孝里、下埤里、江寧里、松江里、行政里)里民優惠月票4,320元/月。機車計次20元(隔日另計)。機車月租:300元/月",40.0,Tue Jun 02 11:30:00 CST 2020,11:30:00
59,071,58,-9,-9,"[{'spot_abrv': 'EC95', 'spot_status': '待機中'}, {'spot_abrv': 'EC96', 'spot_status': '待機中'}]",121.51317022893473,25.055951550231843,249.0,0.0,0.0,"計時：40元/時(08-22)，10元/時(22-08)，全程以半小時計費。月租：全日5,760元，全日里民4,608元/月(星明里、延平里、雙連里、建功里、永樂里、大有里，所在地里全日里民4,032元/月(朝陽里)，夜間2,400元/月(19-08)。",40.0,Tue Jun 02 11:30:00 CST 2020,11:30:00
60,072,58,27,-9,"[{'spot_abrv': 'EC03', 'spot_status': '待機中'}, {'spot_abrv': 'EC04', 'spot_status': '待機中'}]",121.53026021679487,25.09581441707293,246.0,64.0,0.0,"計時：小型車30元/時，全程以半小時計費，月租：小型車全日月票4,800元，夜間月票2,600元(限周一至周五20-8及周六、日與行政機關放假之紀念日、民俗日使用)。機車全日月票300元/月。計次：機車20元(隔日另計)。109年2月8~9日；2月16日；2月22~23日；2月28日~3月1日；4月2~5日；4月11~12日；4月18~19日；4月25~26日；5月1~3日；5月9~10日；5月16~17日；5月23~24日；11月14~15日；11月28~29日；12月5~6日；12月12~13日，調整小型車停車費率50元/時(當日當次最高收費上限250元)。",30.0,Tue Jun 02 11:30:00 CST 2020,11:30:00
61,073,117,0,-9,"[{'spot_abrv': 'EC39', 'spot_status': '充電完成'}, {'spot_abrv': 'EC40', 'spot_status': '充電完成'}]",121.52597330387657,25.052449009206715,867.0,0.0,0.0,"計時：小型車周一至周五(8-24)30元/時，(0-8)10元/時，小型車周六至周日及行政機關放假之紀念日及民俗日(0-8)10元/時，(8-12)30元/時，(12-24)40元/時，全程以半小時計費。月租：小型車全日月票4,200元，日間月票3,200元(7-19)，夜間月票1,200元(19-8)。",30.0,Tue Jun 02 11:30:00 CST 2020,11:30:00
62,074,0,-9,-9,,121.56206185569692,25.047283427656414,71.0,47.0,0.0,"計時：小型車星期一至星期五30元/時，星期六至星期日、政府行政機關放假之紀念日、民俗節日及政府機關彈性調整放假日40元/時，機車10元/時，機車當日當次收費上限20元(隔日另計)，全程以半小時計費。月租：全日5,400元/月，全日里民優惠4,200元/月(吉祥里、新仁里)，所在里里民優惠3,675元/月(復盛里)。機車全日300元/月。",30.0,Tue Jun 02 11:30:00 CST 2020,11:30:00
63,075,18,-9,-9,,121.56116282413171,25.050012844291853,354.0,0.0,20.0,"計時：週一至週五30元/時，周六至周日、政府行政機關放假之紀念日、民俗節日及政府機關彈性調整放假日40元/時，全程以半小時計費。月租：全日5,200元，日間(07-19)4,400元，夜間(19-08)2,400元，全日里民優惠(復盛里、東光里、新聚里、安平里)4,160元，全日所在地里里民優惠(吉祥里)3,640元。",30.0,Tue Jun 02 11:30:00 CST 2020,11:30:00
64,076,79,0,-9,,121.545570234312,25.1548731256361,134.0,152.0,0.0,計時：週一至週五：小型車每小時20元；大客車每小時40元。週六日、政府行政機關放假之紀念日及民俗節日：小型車每小時30元；大客車每小時60元(全程以半小時計算收費)。計次：機車每次20元。花季及海芋季期間所有車種之收費費率及方式，依停管處通知之收費標準及方式實施。每日19時至羿日07時(含例假日)開放免費停車。,20.0,Tue Jun 02 11:30:00 CST 2020,11:30:00
65,077,31,0,-9,,121.53927447597653,25.158503116045146,36.0,0.0,0.0,計時：週一至週五：小型車每小時20元；大客車每小時40元。週六日、政府行政機關放假之紀念日及民俗節日：小型車每小時30元；大客車每小時60元(全程以半小時計算收費)。花季及海芋季期間所有車種之收費費率及方式，4月6日前僅開放身心障礙停車。,20.0,Tue Jun 02 11:30:00 CST 2020,11:30:00
66,078,36,-9,-9,"[{'spot_abrv': 'EC29', 'spot_status': '充電中'}, {'spot_abrv': 'EC30', 'spot_status': '待機中'}]",121.56774586324042,25.08151817759481,396.0,0.0,31.0,"俗日全日使用)，夜間月票1,000元(週一至週五15-1，週六、週日與行政機關放假之紀念日與民俗日全日使用)。",0.0,Tue Jun 02 11:30:00 CST 2020,11:30:00
67,079,28,-9,-9,"[{'spot_abrv': 'EC21', 'spot_status': '待機中'}, {'spot_abrv': 'EC22', 'spot_status': '充電完成'}]",121.55666428261007,25.04099882949353,432.0,0.0,18.0,"計時：40元/時(08-22)，30元/時(22-翌日08)，全程半小時計費。月租：全日7,200元/月，日間4,200元/月(08-20)，夜間3,600元/月(20-翌日08)，全日里民優惠5,760元/月，所在地全日里民優惠5,040元/月。",40.0,Tue Jun 02 11:30:00 CST 2020,11:30:00
68,080,115,282,-9,"[{'spot_abrv': 'EC99-143', 'spot_status': '充電中'}, {'spot_abrv': 'EC99-144', 'spot_status': '待機中'}, {'spot_abrv': 'EC99-145', 'spot_status': '待機中'}, {'spot_abrv': 'EC99-146', 'spot_status': '待機中'}]",121.53862535992742,25.023498468208214,730.0,370.0,24.0,"計時：30元/時，全程以半小時計費。月租：全日4,320元/月，日間(07-19)2,700元，夜間(19-08)1,800元，。機車計次：20元/次。機車月租：300元/月。本場提供計程車免費一小時服務。",30.0,Tue Jun 02 11:30:00 CST 2020,11:30:00
69,081,-9,-9,-9,,121.61911792883268,25.072117430323143,156.0,0.0,0.0,"計時：30元/時，全程以半小時計費。月租：4,000元，所在里優惠月票2,800元(康樂里)，優惠里月票3,200元(安泰、內溝、東湖里)。",30.0,Tue Jun 02 11:30:00 CST 2020,11:30:00
70,082,0,-9,-9,"[{'spot_abrv': 'EC49', 'spot_status': '待機中'}, {'spot_abrv': 'EC50', 'spot_status': '充電中'}]",121.52469134254744,25.0591631149107,229.0,63.0,0.0,"計時：小型車40元/時(8-24)，30元/時(0-8)，全程以半小時計費。月票：小型車全日月票4,800元，機車全日月票300元。計次：機車20元/次，隔日另計。",40.0,Tue Jun 02 11:30:00 CST 2020,11:30:00
71,084,62,-9,-9,,121.6015782241981,25.07310010711689,235.0,0.0,0.0,"計時:20元(08-18時)，10元(18-隔日08時)，全程以半小時計費。月租:2,500元/月，里民優惠1,750元/月(金湖里)，2,000元/月(寶湖里、紫雲里)。",20.0,Tue Jun 02 11:30:00 CST 2020,11:30:00
72,085,77,94,-9,,121.54062923380621,25.00442672384011,420.0,361.0,0.0,"計時：小型車20元/時，機車10元/時，當日當次最高收費上限20元(隔日另計)，全程以半小時計費。月租：全日3,500元/月，日間2,400元/月(07-19)，夜間月票1,500元/月(19-08)，全日里民優惠(萬盛里)2,450元/月，全日里民優惠(萬年里、萬祥里、萬隆里、萬有里、興豐里)2,800元/月，機車全日300元/月。",20.0,Tue Jun 02 11:30:00 CST 2020,11:30:00
73,086,33,-9,-9,,121.52352311078563,25.11859281170634,215.0,104.0,0.0,"計時：小型車40元/時(8-23時)，20元/時(23-翌日8時)；機車10元/時，當日最高收費上限20元(隔日另計)；全程以半小時計費。全日月租：小型車4,200元，里民優惠3,360元/月(優惠里振華里、永欣里、天壽里、天玉里)，所在里民優惠2,940元/月(榮華里）。機車300元/月。",40.0,Tue Jun 02 11:30:00 CST 2020,11:30:00
74,087,1,293,-9,"[{'spot_abrv': 'EC99-131', 'spot_status': '待機中'}, {'spot_abrv': 'EC99-132', 'spot_status': '待機中'}]",121.54705908949036,25.060682532041263,341.0,418.0,0.0,"小型車計時：30元/時，機車計時：10元/時，當日當次最高收費上限20元(隔日另計)，全程以半小時計費。小型車全日月票5,750元/月，夜間月票3,200元/月(19-08)，機車全日月票300元/月。",30.0,Tue Jun 02 11:30:00 CST 2020,11:30:00
75,088,7,0,-9,"[{'spot_abrv': 'EC35', 'spot_status': '待機中'}, {'spot_abrv': 'EC36', 'spot_status': '待機中'}]",121.56674886765181,25.030915461015983,362.0,211.0,0.0,"小型車：計時30元(全程以半小時計費)。全日優惠月票5,000元，日間月票2,600元(7-19)，夜間月票2,600元(19-8)，所在里(三張里)優惠月票3,500元，優惠里(景新里、西村里、安康里、三犁里)優惠4,000元，機車：月票300元，計次20元(隔日另計)",30.0,Tue Jun 02 11:30:00 CST 2020,11:30:00
76,089,3,-9,-9,"[{'spot_abrv': 'EC99-123', 'spot_status': '待機中'}, {'spot_abrv': 'EC99-124', 'spot_status': '待機中'}]",121.58069990389411,25.04224253348152,219.0,71.0,0.0,"計時：小型車30元/時，機車10元/時(當日當次最高收費上限20元，隔日另計)全程以半小時計費。月租：小型車6,000元/月；機車300元/月。",30.0,Tue Jun 02 11:30:00 CST 2020,11:30:00
77,090,49,-9,-9,,121.491268681117,25.02862997075016,184.0,0.0,0.0,"計時：30元/時，全程以半小時計費。月租：全日5,200元。所在里里民優惠(和德里、綠堤里)3,640元/月，里民優惠(和平里、華江里、錦德里)4,160元/月，日間(周一至周日7時至19時)3,600元/月。",30.0,Tue Jun 02 11:30:00 CST 2020,11:30:00
78,091,134,-9,-9,,121.50005206628359,25.036264020806648,533.0,0.0,0.0,"計時：週一至週五30元/時(08-22)，10元/時(22-08)；週六日、政府行政機關放假之紀念日及民俗節日40元/時(08-22)，10元/時(22-08)，機車10元/時，機車當日當次收費上限20元(隔日另計)，全程以半小時計費。月租：全日4,800元/月，全日里民優惠(青山里、富福里、福音里、糖部里)3,840元/月。所在里全日里民優惠(富民里)3,360元/月，日間(每日07-19時)，日間時段性(每日10-22時)、夜間(每日17-08時)2,400元/月，機車全日300元/月。",30.0,Tue Jun 02 11:30:00 CST 2020,11:30:00
79,092,8,-9,-9,,121.56163065857805,25.079499401386727,215.0,138.0,15.0,計時:日間20元/時(8-18)，夜間10元/時(18-08)，全程以半小時計費，每晚上限30元。全日月票2500元/月，日間1500元/月(7-20)，夜間500元/月(18-翌日08),20.0,Tue Jun 02 11:30:00 CST 2020,11:30:00
80,093,27,22,-9,"[{'spot_abrv': 'EC13', 'spot_status': '待機中'}, {'spot_abrv': 'EC14', 'spot_status': '待機中'}]",121.51838593842415,25.05398599047973,246.0,176.0,0.0,"計時：小型車周一至周五30元/時，小型車周六至周日與行政機關放假之紀念日及民俗節日(10-22)40元/時，(22-10)30元/時，全程以半小時計費。月租：小型車全日月票5,760元，機車全日月票300元，機車20元/次，隔日另計。",30.0,Tue Jun 02 11:30:00 CST 2020,11:30:00
81,094,17,18,-9,,121.52456777018541,25.08228764421285,142.0,155.0,0.0,"計時：小型車平日20元/時(06-24)，10元/時(00-06)；假日40元/時(16-24)，30元/時(00-16)。全程以半小時計費。限時月票：1,500元/月(平日周一至周五06-22時)。月票：3,000元/月。機車：計次收費20元/次，隔日另計(凌晨2時為基準跨日另計費)月票：300元/月。",20.0,Tue Jun 02 11:30:00 CST 2020,11:30:00
82,095,8,-9,-9,,121.49814719627571,25.132834907815838,87.0,0.0,0.0,"計時：平日30元/時(06-24)，10元/時(00-06)，假日40元/時(11-22)，30元/時(06-11，22-24)，10元/時(00-06)，車輛進場未滿10分鐘內免費，全程以半小時計費。全時月租：3,500元。機車：20元/次(以凌晨2時為跨日基準)。",30.0,Tue Jun 02 11:30:00 CST 2020,11:30:00
83,096,63,84,-9,,121.51278040820694,25.11440136919143,472.0,179.0,48.0,"計時：小型車30元/時(全程以半小時計費)。月租：全日月票4,600元/月；里民優惠3,680元/月(優惠里：北投區榮光里、福興里、吉慶里、永明里、振華里、尊賢里)；所在地里3,220元/月(所在地里：北投區吉利里(含榮光里24鄰)；日間優惠月票(07-19時)3,000元/月、夜間優惠月票(19-翌日07時)2,000元/月。機車免費。",30.0,Tue Jun 02 11:30:00 CST 2020,11:30:00
84,097,24,-9,-9,"[{'spot_abrv': 'EC71', 'spot_status': '待機中'}, {'spot_abrv': 'EC72', 'spot_status': '待機中'}]",121.50828358013872,25.080663196584663,107.0,0.0,0.0,"每小時20元，(全程以半小時計費)。月租：全日優惠4,200元，所在里(富光里)優惠2,940元，半徑300公尺鄰近里(福順里、葫蘆里、大同區老師里)優惠3,360元，夜間(19-08)優惠1,500元。本場提供計程車免",20.0,Tue Jun 02 11:30:00 CST 2020,11:30:00
85,098,76,-9,-9,,121.57794698533894,25.08052580730791,239.0,0.0,0.0,"計時：30元/時，全程以半小時計費。月租：全日月票3,600元/月，全日里民(港都里、港墘里、港華里、瑞陽里、湖濱里)月票2,880/月所在地里民(港富里)月票2,520/。夜間月票2,200(週一至週五20-8)；週六、日與行政機關放假之紀念日、民俗日全日可停放",30.0,Tue Jun 02 11:30:00 CST 2020,11:30:00
86,099,1,-9,-9,"[{'spot_abrv': 'EC47', 'spot_status': '待機中'}, {'spot_abrv': 'EC48', 'spot_status': '充電中'}]",121.53025562261276,25.04957251678417,284.0,0.0,0.0,"計時：30元/時，全程半小時計費。月租：全日4,800元，日間3,500元(7-19)，夜間2,000元(19-8)。機車計次：20元/次。機車月租300元/月。本場提供計程車免費一小時服務。",30.0,Tue Jun 02 11:30:00 CST 2020,11:30:00
87,100,69,-9,-9,,121.50194291036804,25.136543981189966,334.0,55.0,0.0,計時：小型車30元/時(全程以半小時計價)。月票：全日月票3000元；日間2000元(07-20)；夜間1200元(周一至周五19-08及周六、日與行政機關放假之紀念日、民俗日全日使用)。機車：10元/時，最高上限20元，月租300元,30.0,Tue Jun 02 11:30:00 CST 2020,11:30:00
88,101,-3,-9,-9,,121.58393047286131,25.0006973053027,692.0,0.0,0.0,每次120元，隔夜車另計天數(以凌晨零時為基準)。,120.0,Tue Jun 02 11:30:00 CST 2020,11:30:00
89,102,68,38,-9,"[{'spot_abrv': 'EC79', 'spot_status': '待機中'}, {'spot_abrv': 'EC80', 'spot_status': '待機中'}]",121.52199445348845,25.08978466156968,182.0,62.0,0.0,"計時：小型車周一至周四(0-9)10元/時，(9-22)40元/時，(22-24)10元/時，小型車周五至周日及行政機關放假之紀念日及民俗節日(0-8)10元/時，(8-12)30元/時，(12-24)50元/時，全程以半小時計費。月租：小型車全日月票4,800元，日間月票2,000元(7-19)，機車全日月票300元，機車20元/次，隔日另計。",10.0,Tue Jun 02 11:30:00 CST 2020,11:30:00
90,103,113,5,-9,"[{'spot_abrv': 'EC33', 'spot_status': '待機中'}, {'spot_abrv': 'EC34', 'spot_status': '待機中'}]",121.61109705249443,25.05712848030788,319.0,77.0,0.0,"計時：小型車周一至周五30元/時(8-20)，夜間計時20元/時(22-8)，週六日與行政機關放假之紀念日與民俗日40元/時(8-20)，夜間計時20元/時(20-08)，全程以半小時計費。月租：小型車全日4,800元，日間3,500元(8-20)，夜間1,000元(周一至周五19-8及週六日與行政機關放假之紀念日與民俗日適用)。機車300元/月，隔日另計。",30.0,Tue Jun 02 11:30:00 CST 2020,11:30:00
91,105,39,6,-9,"[{'spot_abrv': 'EC99-107', 'spot_status': '待機中'}, {'spot_abrv': 'EC99-108', 'spot_status': '待機中'}]",121.59282165200943,25.053558672758736,297.0,28.0,0.0,"半徑300公尺鄰近里優惠2,000元。機車計次20元，全日月票300元。本場提供計程車免費一小時服務。",0.0,Tue Jun 02 11:30:00 CST 2020,11:30:00
92,106,116,64,-9,"[{'spot_abrv': 'EC81', 'spot_status': '待機中'}, {'spot_abrv': 'EC82', 'spot_status': '待機中'}]",121.51626989662572,25.05655896022047,292.0,147.0,0.0,"計時：30元/時，以半小時計費，機車計次20元，隔日另計。月租：全日5,760元，里民4,608元，所在里4,032，機車月租300元。本場提供計程車免費一小時服務。",30.0,Tue Jun 02 11:30:00 CST 2020,11:30:00
93,107,23,3,-9,"[{'spot_abrv': 'EC61', 'spot_status': '待機中'}, {'spot_abrv': 'EC62', 'spot_status': '充電完成'}]",121.56322742598948,25.03137022943796,237.0,51.0,0.0,"計時：小型車40元/時，全程以半小時計費。月票：小型車全日月票5,000元，日間月票3,000元(7-19)，夜間月票2,400元(19-8)。機車全日月票300元，計次：機車20元/次，隔日另計。",40.0,Tue Jun 02 11:30:00 CST 2020,11:30:00
94,109,121,-9,-9,,121.59041815232105,25.067711149423733,256.0,0.0,0.0,"計時：30元/時(07-22)，10元/時(22-07)，全程以半小時計費。月租：3,600元/月，全日里民優惠(湖元里、石潭里、寶湖里)2,880元/月，全日所在地里民優惠(湖興里)2,520元/月，夜間(19-08)1,500元/月。",30.0,Tue Jun 02 11:30:00 CST 2020,11:30:00
95,110,9,-9,-9,,121.57018171047336,25.082431409840627,171.0,0.0,0.0,"計時20元/時，全程以半小時計費。月租：2,800元/月。",20.0,Tue Jun 02 11:30:00 CST 2020,11:30:00
96,111,44,0,-9,"[{'spot_abrv': 'EC91', 'spot_status': '待機中'}, {'spot_abrv': 'EC92', 'spot_status': '待機中'}]",121.52895666386179,25.109768700186404,155.0,0.0,0.0,"計時：週一至週五30元/時，小型車周六、日與行政機關放假之紀念日民俗日40元/時(全程以半小時計費)。月租：全日月票5,200元",30.0,Tue Jun 02 11:30:00 CST 2020,11:30:00
97,112,5,1,-9,,121.52147277767956,25.05485858193854,57.0,82.0,0.0,"1.一班自用汽車採計時收費，每小時40元，全程以半小時計；機車每天每次10元。2.公務車及公務機車免費。3.長期停車月票:(1)日間7-19時:周一至周日每月6,600元,周一至周舞步寒假日每月5,500元。(2)夜間19時-翌日7時每月5,500元",40.0,Tue Jun 02 11:30:00 CST 2020,11:30:00
98,113,81,37,-9,"[{'spot_abrv': 'EC99-113', 'spot_status': '充電中'}, {'spot_abrv': 'EC99-114', 'spot_status': '待機中'}]",121.55130761169737,25.000192255754207,259.0,58.0,8.0,"計時：20元/時全程以半小時計費。月租：全日4,800元，所在里里民優惠2,700元，一般民眾及一般里民全日均以3,000元優惠；機車計次20元，機車月票300元。本場提供計程車免費一小時服務。",20.0,Tue Jun 02 11:30:00 CST 2020,11:30:00
99,114,47,83,-9,"[{'spot_abrv': 'EC99-153', 'spot_status': '待機中'}, {'spot_abrv': 'EC99-154', 'spot_status': '待機中'}]",121.5402728472705,24.98869054885972,253.0,92.0,10.0,"計時：20元/時，全程以半小時計費。月租：全日4,800元，日間2,000元(7-19)，夜間月票1,200元(19-8)，所在里、里民全日月票3,000元，機車計次20元，機車月票300元。本場提供計程車免費一小時服務。",20.0,Tue Jun 02 11:30:00 CST 2020,11:30:00
100,115,764,-9,-9,,121.57852264269238,24.997713256010428,936.0,0.0,0.0,計次：50元/次，隔日另計。計時：週六及週日(含行政機關放假之紀念日及民俗節日)60元/時。大客車(週一至週五)：100元/次。月租：週一至週五非假日期間促銷月票500元(不含星期例假日、政府規定應放假之國定紀念日行政機關放假之紀念日及民俗節日、民俗日、春節等)。,50.0,Tue Jun 02 11:30:00 CST 2020,11:30:00
101,116,142,926,-9,,121.53403402582994,25.019146965619306,353.0,0.0,0.0,詳現場公告,,Tue Jun 02 11:30:00 CST 2020,11:30:00
102,119,21,20,-9,"[{'spot_abrv': 'EC73', 'spot_status': '待機中'}, {'spot_abrv': 'EC74', 'spot_status': '待機中'}]",121.51664380948068,25.074128263332824,272.0,109.0,0.0,"小型車計時：周一至周五30元/時，週六、日語行政機關放假之紀念日與民俗日40元/時，全程以半小時計費，小型車月票全日4,800元/月，里民優惠(大同區重慶里、至聖里)3,500元/月，所在里3,000元/月,機車計次20元,全日月票300元/月",30.0,Tue Jun 02 11:30:00 CST 2020,11:30:00
103,120,125,2,-9,"[{'spot_abrv': 'EC31', 'spot_status': '充電中'}, {'spot_abrv': 'EC32', 'spot_status': '充電中'}]",121.61541475023873,25.057915856307588,408.0,198.0,0.0,"計時：小型車20元/時，全程以半小時計費。月租：小型車全日月票4,800元/月，日間3,000元/月(08-20)，夜間1,500元/月(19-08及週六、日與行政機關放假之紀念日、民俗日)，所在里(三重里)里民優惠全日3,360元/月，半徑300公尺(南港里、中南里、新富里)里民優惠全日3,840元/月；機車月票300元/月。計次：機車20元/次。109年1月16日至19日、1月31日至2月4日上午9時至下午5時，調整小型車費率為每小時40元。",20.0,Tue Jun 02 11:30:00 CST 2020,11:30:00
104,124,129,210,-9,,121.50256971711063,25.090978700130282,476.0,216.0,12.0,"每小時20元(全程以半小時計費)。月租全日優惠3,500元，所在里(永倫里)優惠3,000元，日間(08-18)2,000元，夜間(19-08)1,800元。機車計次20元(隔日另計)，月票300元。",20.0,Tue Jun 02 11:30:00 CST 2020,11:30:00
105,126,6,-9,-9,,121.55114217091484,25.04912480601212,289.0,634.0,0.0,"計時：汽車40元/時(08-22)，當日最高上限230元，30元/時(20-08)，全程以半小時計費。月租：汽車全日4,500元/月，日間3,500元/月，夜間3,000元/月，機車600元/月。計次：機車最高10/次(隔日另計)。",40.0,Tue Jun 02 11:30:00 CST 2020,11:30:00
106,127,30,-9,-9,,121.5193700693133,25.03835908675524,100.0,0.0,0.0,"30元/時(06-22)，全程以半小時計。月租：4,000元/月。大型重型機車比照小型車收費。",30.0,Tue Jun 02 11:30:00 CST 2020,11:30:00
107,128,34,80,-9,"[{'spot_abrv': 'EC77', 'spot_status': '待機中'}, {'spot_abrv': 'EC78', 'spot_status': '待機中'}]",121.57658546115688,24.989423867392958,234.0,188.0,0.0,"計時：20元/時，全程以半小時收費。月租：3,500元，所在里2,500元；一般里民3,000元；日間1,800元(8-20)；夜間月票2,000元(20-08及假日)，夜間月票(二)1,000元(15-01及假日)。 機車計次20元，機車月票3000",20.0,Tue Jun 02 11:30:00 CST 2020,11:30:00
108,129,0,-9,-9,,121.56375880087877,25.08472396229411,88.0,0.0,0.0,"計時：20元/時，全程以半小時計費。月租：全日4,800元/月，全日里民優惠(內湖區西康里、西安里、西湖里、中山區金泰里)、3,000元/月。",20.0,Tue Jun 02 11:30:00 CST 2020,11:30:00
109,131,0,-9,-9,,121.47337419365938,25.131102383723483,44.0,0.0,0.0,"計時：20元/時(06~24)、10元(00~06)/時；假日30元/時(11-22)、20元/時(6-11、22-24)、10元/時(00-06)。全程以半小時計費。全時月票：2,500元/月。",20.0,Tue Jun 02 11:30:00 CST 2020,11:30:00
110,132,0,-9,-9,,121.50144914380395,25.136874723412372,24.0,0.0,0.0,"計時：平日20元/時(06-24)、10元/時(00-06)；假日30元/時(11-22)、20元/時(6-11、22-24)、10元/時(00-06)。全程以半小時計費。全時月租：3,000元/月，限時月租：1,500元/月(周一~週五06-22時)。",20.0,Tue Jun 02 11:30:00 CST 2020,11:30:00
111,133,0,-9,-9,,121.50644047249996,25.120829257405862,37.0,0.0,0.0,"計時：30元/時(06-24)，10元/時(00-06)。全程以半小時計費。全日月租：3,500元/月。",30.0,Tue Jun 02 11:30:00 CST 2020,11:30:00
112,134,1,-9,-9,,121.51453336026155,25.11600805963175,64.0,0.0,0.0,"計時：平日30元/時(06-24)，10元/時(00-06)，假日40元/時(06-24)，10元/時(00-06)。全程以半小時計費。全日月租：3,500元/月。",30.0,Tue Jun 02 11:30:00 CST 2020,11:30:00
113,136,16,-9,-9,,121.52652418722069,25.0923255738238,139.0,151.0,0.0,小型車全日月票：5000/月。機車計次：20/次(隔日隔次另計，以凌晨2時為基準)，機車全日月票：300元/月。,0.0,Tue Jun 02 11:30:00 CST 2020,11:30:00
114,138,12,-9,-9,,121.52282333960969,25.101658018480805,168.0,167.0,0.0,"小型車全日月租：4,000元/月，機車計次20元/次(隔日另計，以凌晨2時為基準)，全日月租：300元/月",0.0,Tue Jun 02 11:30:00 CST 2020,11:30:00
115,139,1,-9,-9,,121.52282333960969,25.101658018480805,30.0,0.0,0.0,"小型車全日月租：4,000元/月，機車計次20元/次(隔日另計，以凌晨2時為基準)，全日月租：300元/月",0.0,Tue Jun 02 11:30:00 CST 2020,11:30:00
116,140,-9,61,-9,,121.51966296981631,25.06314800005348,0.0,191.0,0.0,機車：20元/次，隔日隔次另計，以凌晨2時為基準。月租：300元/月。,20.0,Tue Jun 02 11:30:00 CST 2020,11:30:00
117,141,0,164,-9,,121.53902769018488,2.5099203347434123,0.0,319.0,0.0,計次：20元/次，隔日另計(凌晨2時為基準)月租：全日300元/月。,20.0,Tue Jun 02 11:30:00 CST 2020,11:30:00
118,161,24,-9,-9,,121.52226138942169,25.03903761580592,142.0,0.0,0.0,"計時：30元/時，全程以半小時計費。月租：全日月租4,100元/月；日間(07~19)3,300元/月，提前或延後出場，以每小時15元計費，夜間(19~07)2,500元/月，提前或延後出場，以每小時15元計費。",30.0,Tue Jun 02 11:30:00 CST 2020,11:30:00
119,165,83,38,-9,"[{'spot_abrv': 'EC99-109', 'spot_status': '待機中'}, {'spot_abrv': 'EC99-110', 'spot_status': '待機中'}, {'spot_abrv': 'EC99-111', 'spot_status': '待機中'}, {'spot_abrv': 'EC99-112', 'spot_status': '充電中'}]",121.58701118847166,25.042124743659162,412.0,84.0,0.0,"計時20元(全程以半小時計費)，月租：全日優惠4,800元，所在里優惠3,000元，300公尺鄰近里優惠3,200元；夜間2,400元(週一至週五19-08及假日)。機車計次20元，全日月票300元。本場提供計程車免費一小時服務。",20.0,Tue Jun 02 11:30:00 CST 2020,11:30:00
120,173,77,-9,-9,,121.58445220318916,25.078305990417146,306.0,0.0,0.0,"計時：30元/時(06-22)，10元/時(22-06)，全程以半小時計費。月租：全時月票3,500元/月，限時月票1,800元/月。",30.0,Tue Jun 02 11:30:00 CST 2020,11:30:00
121,174,20,125,-9,,121.61851607965856,25.06101166357651,314.0,169.0,0.0,"計次：小型車100元/次，機車20元/次，隔日隔次另計，以凌晨2時為基準。月租：小型車全日1,800元/月，機車全日300元/月。",100.0,Tue Jun 02 11:30:00 CST 2020,11:30:00
122,176,111,-9,-9,,121.52954222511187,25.11857992003776,230.0,69.0,0.0,"計時：汽車平日60元/時，假日80元/時，機車20元/時，停車未滿1小時以1小時計，逾1小時以上者，未滿半小以半小時計。月租：汽車全日6,500元/月，日間3,500元/月(07~19)，夜間3,500元/月(18~09)/月，(身心障礙者比照收費)。",60.0,Tue Jun 02 11:30:00 CST 2020,11:30:00
123,177,132,-9,-9,,121.56791712976386,25.039730235834465,172.0,247.0,0.0,小型車120元/時，機車60元/時，停車未滿1小時以1小時計，逾1小時以上者，未滿半小時以半小時計。,120.0,Tue Jun 02 11:30:00 CST 2020,11:30:00
124,181,-9,-9,-9,,121.55125709890123,25.062860549789324,115.0,0.0,0.0,40元/時(08-21)，10元/時(21-08)，30分鐘內出場者免費，停車逾1小時以上者，未滿半小時以半小時計費。,40.0,Tue Jun 02 11:30:00 CST 2020,11:30:00
125,182,-9,-9,-9,,121.55241618430105,25.063024073381705,215.0,307.0,0.0,計時：汽車40元(08-21)/時，10元(21-翌日08)/時，進場未滿30分鐘免費，停車未滿1小時以1小時計，逾1小時以上，未滿半小時以半小時計。計次：機車20元/次(隔日另計)，進場未滿30分鐘免費。,40.0,Tue Jun 02 11:30:00 CST 2020,11:30:00
126,183,174,-9,-9,,121.55344832944854,25.063058599064412,511.0,0.0,0.0,"計時：40元/時(08-21)，10元/時(21-08)，30分鐘內出場者免費，停車逾1小時以上者，未滿半小時以半小時計費。月租：汽車全日4,000元/月(附近里民)。",40.0,Tue Jun 02 11:30:00 CST 2020,11:30:00
127,184,340,0,-9,,121.51661900423008,25.09532998647677,420.0,204.0,0.0,"計時：汽車30元/時，停車未滿1小時以1小時計，逾1小時以上者，未滿半小時以半小時計費。月租：汽車4,000/月，機車500元/月。計次：機車20元/次(隔日另計)。",30.0,Tue Jun 02 11:30:00 CST 2020,11:30:00
128,187,37,70,-9,"[{'spot_abrv': 'EC99-125', 'spot_status': '待機中'}, {'spot_abrv': 'EC99-126', 'spot_status': '待機中'}]",121.57229448751178,25.039581631247447,244.0,193.0,0.0,"計時：小型車週一至週五30元/時，週六、日與行政機關放假之紀念日及民俗日40元/時，全程以半小時計費；機車10元/時，當日當次最高收費上限20元(隔日另計)。月票：小型車全日月票5,200元，機車月票300元。",30.0,Tue Jun 02 11:30:00 CST 2020,11:30:00
129,188,266,-9,-9,"[{'spot_abrv': 'EC37', 'spot_status': '充電完成'}, {'spot_abrv': 'EC38', 'spot_status': '待機中'}]",121.57831797557269,25.04849732515049,447.0,0.0,0.0,"計時：小型車周一至周四40元/時，小型車周五至周日及行政機關放假之紀念日及民俗節日50元/時，全程以半小時計費；當日當次收費上限300元，隔日另計。月租：小型車全日月票5,500元，日間月票3,600元(7-19)。",40.0,Tue Jun 02 11:30:00 CST 2020,11:30:00
130,193,106,5,-9,"[{'spot_abrv': 'EC27', 'spot_status': '待機中'}, {'spot_abrv': 'EC28', 'spot_status': '待機中'}]",121.57819914618477,25.050516544525838,292.0,139.0,0.0,"計時：周一至周四小型車40元/時，周五至日及政府行政機關放假之紀念日及民俗日計時50元，全程以半小時計費。月租：全日月票4,800元，夜間月票2,000元(19-08)。，機車全日月票300元，計次：機車20元/次，隔日另計。",40.0,Tue Jun 02 11:30:00 CST 2020,11:30:00
131,194,379,563,-9,,121.56192890783916,25.04465893584923,560.0,1258.0,0.0,"汽車計時：平日40元假日60元/時，機車計時：10元/時，計次：1日30元/次。汽車月租：全天8,000元/月，機車月租：全天800元/月。",40.0,Tue Jun 02 11:30:00 CST 2020,11:30:00
132,195,19,0,-9,,121.49454507645174,25.03363964735622,72.0,0.0,0.0,"計時：20元/時(全程以半小時計費)。月租：4,800元/月，里民(糖?、青山、柳鄉、華江、綠堤、和平里)優惠3,000元。",20.0,Tue Jun 02 11:30:00 CST 2020,11:30:00
133,196,-9,0,-9,,121.59235251245389,25.068279700828985,72.0,0.0,0.0,"計時：40元/時，全程以半小時計費。月租：全日7,200元/月，全日里民優惠5,760元/月(湖興里、石潭里)，所在里里民優惠5,040元/月(寶湖里)。",40.0,Tue Jun 02 11:30:00 CST 2020,11:30:00
134,197,-9,-9,-9,,121.61216351295195,25.06979132732676,39.0,0.0,0.0,"明湖里、葫洲里、康寧里、南湖里、五分里)；所在里全日里民優惠月票：5040元/月(優惠3,",40.0,Tue Jun 02 11:30:00 CST 2020,11:30:00
135,199,48,-9,-9,,121.51662240116345,25.04785394089165,185.0,0.0,0.0,計時:平日60元/時(6-22)，夜間優惠30元/時(22-6)，假日:70元/時，停車未滿1小時以1小時計，逾1小時以上，未滿半小以半小時計，當日每次優惠最高600元(隔日另計)。月租:7000元/月,60.0,Tue Jun 02 11:30:00 CST 2020,11:30:00
136,201,20,-9,-9,,121.52244960729395,25.068984973817766,107.0,0.0,0.0,"計時：30元/時，全程以半小時計，停車15分鐘內離場免費。月租：全日6,000元。",30.0,Tue Jun 02 11:30:00 CST 2020,11:30:00
137,202,36,15,-9,,121.57326611897369,24.99859795378964,149.0,168.0,0.0,"汽車:平日20元/時(06-22),10元/時(22-06),全程以半小時計費。汽車月租：全日2,500元/月；日間限時月票(平日週一~五06~21時)1,500元/月；夜間限時月票(19~隔日08時)1,200元/月。機車20元/次,隔日另計(凌晨2時為基準,跨日另計費)。機車月租:300元/月",20.0,Tue Jun 02 11:30:00 CST 2020,11:30:00
138,203,108,-9,-9,,121.5426851257576,25.02080010237205,435.0,1513.0,0.0,計時：汽車40元/時，停車未滿1小時以1小時計，逾1小時以上者，未滿半小時以半小時計。計次：機車20元/次(隔日另計)。,40.0,Tue Jun 02 11:30:00 CST 2020,11:30:00
139,204,167,-9,-9,,121.57416785402886,25.06299771200161,461.0,0.0,0.0,平日：全日30元/時；農曆春節前20日至農曆春節前8日及農曆節後10日，全日40元/時；農曆春節前7日至農曆春節前1日，全日60元/時，全程以半小時計費,30.0,Tue Jun 02 11:30:00 CST 2020,11:30:00
140,205,0,0,-9,,121.5751005671378,25.063038159175893,77.0,0.0,0.0,計時：平日全日30元/時；農曆春節前20日至春節前8日及農曆節後10日，全日40元/時；農曆春節前7日至農曆春節前1日，全日60元/時，全程以半小時計費。,30.0,Tue Jun 02 11:30:00 CST 2020,11:30:00
141,206,41,-9,-9,,121.53599698371124,25.063618981161827,133.0,0.0,0.0,"臨停：50元/時，全程以半小時計費，15分鐘內離場免費。里民夜間(19-07)月票2,000元/月，夜間(19-07)月票2,500元/月。",50.0,Tue Jun 02 11:30:00 CST 2020,11:30:00
142,207,123,375,-9,,121.51859901474043,25.09605904279887,230.0,399.0,0.0,計時：地下1、2樓小型車30/時，全程以半小時計費。計次：機車20/次(隔日另計)。,,Tue Jun 02 11:30:00 CST 2020,11:30:00
143,210,-9,-9,-9,,121.51746348754342,25.046903786560105,196.0,0.0,0.0,"計時：50元/時，全程以半小時計費；月租：6,000元/月。",50.0,Tue Jun 02 11:30:00 CST 2020,11:30:00
144,212,0,-9,-9,,121.55274500275576,25.014716929386825,160.0,0.0,0.0,計時：40元/時，全程以半小時計費。,40.0,Tue Jun 02 11:30:00 CST 2020,11:30:00
145,213,3,-9,-9,,121.55351696411631,25.01390992557123,286.0,0.0,0.0,計時：每小時50元，全程以半小時計費。,50.0,Tue Jun 02 11:30:00 CST 2020,11:30:00
146,214,-9,1098,-9,,121.53081083919608,25.04529276113896,464.0,1181.0,0.0,"計時：小型車平日50元/時，假日60元/時，全程以半小時計費。月租：小型車7,000元/月，梅花里里民優惠4,900元；大安區民輝里、中山區正守里、興亞里、朱園里8折里民優惠5,600元；機車全日400元/月，計次：機車20元/次(隔日另計)。",50.0,Tue Jun 02 11:30:00 CST 2020,11:30:00
147,215,36,-9,-9,,121.50342259405531,25.031073932544277,111.0,0.0,0.0,"計時：20元/時，全程以半小時計費。月租：全日月票4,000元/月。里民優惠3,200元/月(雙園、新安、新忠、新和、富福及中正區廈安、忠勤等里)；2,800元/月(頂碩里)。",20.0,Tue Jun 02 11:30:00 CST 2020,11:30:00
148,217,331,-9,-9,,121.5184136057206,25.03641642009732,681.0,0.0,0.0,50元/時，停車逾1小時以上者，未滿半小時以半小時計費。8000元/月。,50.0,Tue Jun 02 11:30:00 CST 2020,11:30:00
149,219,18,-9,-9,,121.52227761920805,25.054815940113322,263.0,0.0,0.0,"計時：60元/時，停車未滿1小時以1小時計，逾1小時以上者，未滿半小時以半小時計。月租：10,000元。",60.0,Tue Jun 02 11:30:00 CST 2020,11:30:00
150,220,32,-9,-9,,121.59137840672187,25.04600427900924,82.0,0.0,0.0,"計時20元。全日月票4,800元，全日里民優惠月票3,840元，全日在地里民優惠月票3,360元，身心障礙者憑證購買月票半價。",20.0,Tue Jun 02 11:30:00 CST 2020,11:30:00
151,222,5,-9,-9,,121.61359382182735,25.04760774538837,21.0,0.0,0.0,"計時20元。全日月票4,800元，全日里民優惠月票3,840元，全日在地里民優惠月票3,360元，身心障礙者憑證購買月票半價。",20.0,Tue Jun 02 11:30:00 CST 2020,11:30:00
152,223,11,-9,-9,,121.53328651862527,25.120293281011513,41.0,0.0,0.0,"計時30元。全日月票7,200元，全日里民優惠月票5,760元，所在里(天和里)全日里民優惠月票5,040元，身心障礙者購買月票半價。",30.0,Tue Jun 02 11:30:00 CST 2020,11:30:00
153,224,0,-9,-9,,121.50463456687052,25.14075560388207,67.0,0.0,0.0,"計時20元。全日月票4,800元，全日里民優惠月票3,840元，所在里(開明里)全日里民優惠月票3,360元。",20.0,Tue Jun 02 11:30:00 CST 2020,11:30:00
154,227,-9,-9,-9,,121.58243889322505,24.98613064413084,49.0,0.0,0.0,計時20元，全程以半小時計費。月租：全日里民優惠(政大里及指南里)900元/月。計次：每日每次收費最高上限為30元(每日零時重新計算),20.0,Tue Jun 02 11:30:00 CST 2020,11:30:00
155,228,-9,-9,-9,,121.56629327767185,24.98840475481536,54.0,0.0,0.0,"計時:20元，全程以半小時計費。月租:全日4,800元/月，全日里民優惠(木新里、忠順里、明義里及明興里)3,840元/月，所在地里全日里民優惠(木柵里)3,360元/月。",20.0,Tue Jun 02 11:30:00 CST 2020,11:30:00
156,229,18,0,-9,"[{'spot_abrv': 'EC99-129', 'spot_status': '待機中'}, {'spot_abrv': 'EC99-130', 'spot_status': '充電完成'}]",121.55204423867292,25.02146378650288,195.0,64.0,0.0,"小型車計時：30元/時，全程以半小時計費。小型車月租：全日4,800元/月。機車計次：20元/次。機車月租：300元/月。本場提供計程車免費一小時服務。",30.0,Tue Jun 02 11:30:00 CST 2020,11:30:00
157,232,7,-9,-9,,121.53670144257721,25.046893129438228,143.0,0.0,0.0,07:30-21:30計時30元/時。機車不收費。,30.0,Tue Jun 02 11:30:00 CST 2020,11:30:00
158,233,40,-9,-9,,121.5367543091125,25.049224978786878,171.0,0.0,0.0,07:30-21:30計時30元/時。,30.0,Tue Jun 02 11:30:00 CST 2020,11:30:00
159,234,47,-9,-9,,121.53676525980684,25.049894009233107,377.0,0.0,0.0,07:30-21:30計時30元/時。,30.0,Tue Jun 02 11:30:00 CST 2020,11:30:00
160,235,4,-9,-9,,121.53684921060879,25.05340002534984,133.0,0.0,0.0,07:30-21:30計時40元/時。,40.0,Tue Jun 02 11:30:00 CST 2020,11:30:00
161,236,0,-9,-9,,121.53686241732092,25.054199863854,120.0,0.0,0.0,07:30-21:30計時40元/時。,40.0,Tue Jun 02 11:30:00 CST 2020,11:30:00
162,237,4,-9,-9,,121.53696913352844,25.056568892263986,70.0,0.0,0.0,07:30-21:30計時30元/時。,30.0,Tue Jun 02 11:30:00 CST 2020,11:30:00
163,238,3,-9,-9,,121.53693073471938,25.057189168370524,105.0,0.0,0.0,07:30-21:30計時30元/時。,30.0,Tue Jun 02 11:30:00 CST 2020,11:30:00
164,239,5,-9,-9,,121.53697568073605,25.05930175151557,255.0,0.0,0.0,07:30-21:30計時40元/時。,40.0,Tue Jun 02 11:30:00 CST 2020,11:30:00
165,240,6,-9,-9,,121.5369534287414,25.06075706396721,246.0,0.0,0.0,07:30-21:30計時40元/時。,40.0,Tue Jun 02 11:30:00 CST 2020,11:30:00
166,241,2,-9,-9,,121.53704415384337,25.063370808129346,57.0,0.0,0.0,07:30-21:30計時40元/時。,40.0,Tue Jun 02 11:30:00 CST 2020,11:30:00
167,242,1,-9,-9,,121.53701309148191,25.064441917933692,142.0,0.0,0.0,07:30-21:30計時40元/時。,40.0,Tue Jun 02 11:30:00 CST 2020,11:30:00
168,243,3,-9,-9,,121.53607740698713,25.065841847889985,113.0,0.0,0.0,07:30-21:30計時40元/時。,40.0,Tue Jun 02 11:30:00 CST 2020,11:30:00
169,244,0,-9,-9,,121.5377926731941,25.02789617866092,287.0,0.0,0.0,"計時(以半小時為計費單位)：07:30-21:30：20元/時，21:30-翌日07:30：10元/時(供建國花市、玉市及藝文特區使用時段禁止停放)；月租：全日月票4,800元/月，平日月票2,500元/月(週日19時至周五21時30分)，夜間月票1,500元/月(周一至周五18時至08時及周六、周日全日)。",20.0,Tue Jun 02 11:30:00 CST 2020,11:30:00
170,245,1,-9,-9,,121.53782808747164,25.03281067117509,66.0,0.0,0.0,"計時(以半小時為計費單位)：07:30-21:30：20元/時，21:30-翌日07:30：10元/時(供建國花市、玉市及藝文特區使用時段禁止停放)；月租：全日月票4,800元/月，平日月票2,500元/月(週日19時至周五21時30分)，夜間月票1,500元/月(周一至周五18時至08時及周六、周日全日)。",20.0,Tue Jun 02 11:30:00 CST 2020,11:30:00
171,246,14,-9,-9,,121.53786231413791,25.031642493488693,110.0,0.0,0.0,"計時(以半小時為計費單位)：07:30-21:30：20元/時，21:30-翌日07:30：10元/時(供建國花市、玉市及藝文特區使用時段禁止停放)；月租：全日月票4,800元/月，平日月票2,500元/月(週日19時至周五21時30分)，夜間月票1,500元/月(周一至周五18時至08時及周六、周日全日)。用時段禁止停放)；月租：全日月票4,800元/月，平日月票2,500元/月(週日19時至周五21時30分)，夜間月票1,500元/月(周一至周五18時至08時及周六、周日全日)。",20.0,Tue Jun 02 11:30:00 CST 2020,11:30:00
172,247,4,-9,-9,,121.53780687341528,25.02915581680987,236.0,0.0,0.0,"計時(以半小時為計費單位)：07:30-21:30：20元/時，21:30-翌日07:30：10元/時(供建國花市、玉市及藝文特區使用時段禁止停放)；月租：全日月票4,800元/月，平日月票2,500元/月(週日19時至周五21時30分)，夜間月票1,500元/月(周一至周五18時至08時及周六、周日全日)。",20.0,Tue Jun 02 11:30:00 CST 2020,11:30:00
173,249,41,55,-9,"[{'spot_abrv': 'EC83', 'spot_status': '待機中'}, {'spot_abrv': 'EC84', 'spot_status': '待機中'}]",121.51203169173384,25.074641870733274,179.0,98.0,0.0,"每小時30元(全程以半小時計費)。月租：全日優惠4,800元，所在里(老師里)優惠3,000元，半徑300公尺鄰近里優惠3,500元，機車計次20元，全日月票300元。本場提供計程車免費一小時服務。",30.0,Tue Jun 02 11:30:00 CST 2020,11:30:00
174,250,10,-9,-9,,121.52972193049528,25.107353325125718,23.0,0.0,0.0,"(100.8.1委外)小客車計時30元。全日月票及全日里民優惠月票5000元，夜間里民優惠月票2,800元（使用時段：週一至週五每日19時至翌日8時；另週六、週日與行政機關放假之紀念日、民俗節日全日皆可使用）。",30.0,Tue Jun 02 11:30:00 CST 2020,11:30:00
175,251,7,-9,-9,,121.52938388061001,25.1066579314536,34.0,0.0,0.0,計時：30元/時。月租：全日月票及全日里民優惠月票5000元/月；夜間優惠月票2800元/月(優惠里：忠誠里、蘭雅里、三玉里、聖山里、名山里及岩山里。使用時段：週一至週五每日19時至翌日8時；週六日與行政機關放假之紀念日、民俗節日全日皆可使用。),30.0,Tue Jun 02 11:30:00 CST 2020,11:30:00
176,255,343,313,-9,,121.51483696026028,25.09753965307975,442.0,401.0,0.0,"小型車計時：平日日間(8-20)30元/時，假日日間(8-20)40元/時，夜間(20-翌日08)10元/時，全程以半小時計費。機車計次：20元/次，隔日另計。月租：小型車每月3,000元，機車每月300元。",30.0,Tue Jun 02 11:30:00 CST 2020,11:30:00
177,256,49,-9,-9,,121.51823411068472,25.115293152460666,235.0,0.0,0.0,"30元/時，停車時數以半小時計算收費。機車免費。全日月租：一般月票3,600元，里民優惠月票2,880元，所在里里民優惠月票2,520元。",30.0,Tue Jun 02 11:30:00 CST 2020,11:30:00
178,257,17,-9,-9,,121.51862685668848,25.08718836149025,65.0,0.0,0.0,"計時30元/時，（全程以半小時計費）。全日月票7,200元/月，里民優惠月票5,760元/月，所在里民優惠月票5,040元/月。",30.0,Tue Jun 02 11:30:00 CST 2020,11:30:00
179,258,1,-9,-9,,121.52203232456765,25.075169394264673,88.0,0.0,0.0,"計時30元/時，全程以半小時計費。全日月票7,200元/月，全日里民優惠月票5,760元/月（大同區重慶里、保安里、士林區明勝里），所在里民優惠月票5,040元（中山區圓山里）。",30.0,Tue Jun 02 11:30:00 CST 2020,11:30:00
180,259,8,-9,-9,,121.52364806061159,25.06801628430152,58.0,0.0,0.0,"計時40元/時，以半小時計費，未滿半小時以半小時計。月租9,600元/月，里民優惠7,680元/月（集英里、晴光里），所在地里民優惠月票6,720元/月。",40.0,Tue Jun 02 11:30:00 CST 2020,11:30:00
181,260,25,389,-9,,121.55093108352257,25.051243931197554,488.0,710.0,0.0,"計時：汽車平日40元/時，假日60元/時，全程以半小時計費。月租：汽車全日8,000元/月，機車全日300元/月。計次：機車20元/次(隔日另計)。",40.0,Tue Jun 02 11:30:00 CST 2020,11:30:00
182,261,13,-9,-9,,121.51096346130163,25.087896385278984,140.0,0.0,0.0,"計時：20元/時（全程以半小時計費）。月租：4,800元/月，（士林區葫東里、葫蘆里、社新里、社園里）里民優惠3,840元/月，（士林區社子里）所在里民優惠3,360元/月。",20.0,Tue Jun 02 11:30:00 CST 2020,11:30:00
183,264,9,-9,-9,,121.55650767325865,25.033741666749936,78.0,157.0,0.0,"計時：汽車80元/時，洽公民眾30分內免費；全程以半小時計費。月租：汽車全日9,000元；日間(08-20)、夜間(18-09)6,000元/月；員工1,000元。計次：機車10元/次(隔日另計)。",80.0,Tue Jun 02 11:30:00 CST 2020,11:30:00
184,266,11,-9,-9,,121.53135074861255,25.101975834839397,81.0,0.0,0.0,"(97.12.14委外)每半小時10元。全日月票4,800元，全日里民優惠月票3,840元，所在里(士林區名山里)全日里民優惠月票3,360元，身心障礙者憑證購買前述月票可享半價優惠。",10.0,Tue Jun 02 11:30:00 CST 2020,11:30:00
185,267,-9,0,-9,,121.46571655561549,25.120332182575716,33.0,0.0,0.0,"(100.10.24委外)計時20元。全日月票最高4,800元，所在里(關渡里)里民優惠月票3,360元，身心障礙者憑證購買月票半價。",20.0,Tue Jun 02 11:30:00 CST 2020,11:30:00
186,268,0,-9,-9,,121.50451999534245,25.12530196142057,68.0,0.0,0.0,"(100.10.24委外)計時30元，全日月票7200元。全日里民優惠月票5,760元，所在里(八仙里)里民優惠月票5,040元，身心障礙者憑證購買月票半價",30.0,Tue Jun 02 11:30:00 CST 2020,11:30:00
187,269,-9,0,-9,,121.52077225770424,25.115545258518356,29.0,0.0,0.0,"計時：30元/時(全程以半小時收費)。月租：全日里民優惠5,760元，所在里里民優惠5,040元。",30.0,Tue Jun 02 11:30:00 CST 2020,11:30:00
188,271,1,-9,-9,,121.56088384493708,25.08647554522781,34.0,0.0,0.0,"計時：20元/時，全程以半小時收費。月租：全日里民優惠3,860元/月（內湖區西安里 中山區金泰里），所在地里民優惠3,360元/月（內湖區西康里）。",20.0,Tue Jun 02 11:30:00 CST 2020,11:30:00
189,272,0,-9,-9,,121.54188753457396,25.054071563029915,26.0,0.0,0.0,"計時：30元/時，全程以半小時計費。月租：全日7,200元/月，全日里民優惠5,760元/月(龍州里、朱馥里、力行里、松基里、中正里)。全日所在里里民優惠5,040元/月(復華里)。",30.0,Tue Jun 02 11:30:00 CST 2020,11:30:00
190,283,5,-9,-9,,121.51014890748041,25.063085745497713,92.0,195.0,0.0,"計時：30元/時，全程以半小時計費。月租：全日月票7,200元/月，全日里民優惠最高4,600元/月(大有里、延平里、隆和里、國順里)；全日所在里里民優惠3,840元/月(南芳里；景星里)。機車免費。",30.0,Tue Jun 02 11:30:00 CST 2020,11:30:00
191,297,-9,-9,-9,,121.5748042000641,24.99950656438073,27.0,0.0,0.0,"計時:20元，全程以半小時計費。月租:全日4800元/月，全日里民優惠(華興里及萬芳里)3,840元/月，所在地里全日里民優惠(博嘉里)3,360元/月。",20.0,Tue Jun 02 11:30:00 CST 2020,11:30:00
192,298,26,-9,-9,,121.5428874405538,24.998393583812927,38.0,0.0,0.0,"(100.2.1委外)計時20元。全日月票4,800元，全日月票3,840元/月(景仁里、景華里、興福里及興豐里)。全日月票3360元/月(萬有里)，身心障礙者憑證購買月票半價。",20.0,Tue Jun 02 11:30:00 CST 2020,11:30:00
193,299,0,-9,-9,,121.53644438682105,25.11608667324249,462.0,343.0,0.0,假日40元/時，平日20元/時(全程以半小時計費)。月租：4800元/月。,40.0,Tue Jun 02 11:30:00 CST 2020,11:30:00
194,300,20,-9,-9,,121.56122353352563,25.050334374350534,31.0,0.0,0.0,"計時：30元/時，全程以半小時計費。月租：全日7,200元/月；里民優惠5,760元/月(東光里、復盛里)，所在里里民優惠5,040元/月(吉祥里)。",30.0,Tue Jun 02 11:30:00 CST 2020,11:30:00
195,301,729,-9,-9,,121.60374313088894,25.05210694486867,1123.0,1073.0,0.0,"小型車：計時40元/時(全程以半小時計費)，月租:4,000元/月。機車：計次50元/次，月租600元/月。汽機車進場未滿半小時免收費。",40.0,Tue Jun 02 11:30:00 CST 2020,11:30:00
196,308,0,-9,-9,,121.50975300317877,25.078803974815216,157.0,18.0,0.0,計時：20元/時，(全程以半小時計費)。機車免費。,20.0,Tue Jun 02 11:30:00 CST 2020,11:30:00
197,309,20,-9,-9,,121.5447361858844,25.002600067926608,45.0,0.0,0.0,"計時：20元/時，全程以半小時計費。月租：全日4,800元/月，里民優惠3,840元(萬盛里、萬祥里及萬有里)，所在地里全日3,360元/月(興豐里)。",20.0,Tue Jun 02 11:30:00 CST 2020,11:30:00
198,310,-9,0,-9,,121.46768407597608,25.128117907411603,25.0,0.0,0.0,"(97.11.1委外)計時每半小時10元。全日月票4,800元，全日里民優惠月票3,840元，所在里(一德里)全日里民優惠月票3,360元，身心障礙者憑證購買月票半價",10.0,Tue Jun 02 11:30:00 CST 2020,11:30:00
199,311,-9,0,-9,,121.5312623705526,25.125405422125397,15.0,0.0,0.0,"計時：小型車30元/時(以半小時收費)。月租：全日里民優惠5,760元(優惠里：士林區天和里、天山里、北投區永和里、永欣里；所在里里民優惠5,040元（士林區天母里）。",30.0,Tue Jun 02 11:30:00 CST 2020,11:30:00
200,312,-9,0,-9,,121.52618652288591,25.123817630394765,18.0,0.0,0.0,"計時：小型車30元/時(全程以半小時收費)。月租：全日里民優惠5,760元(優惠里：士林區天母里、天玉里、北投區永和里)所在里里民優惠5,040元(所在里：北投區永欣里)。",30.0,Tue Jun 02 11:30:00 CST 2020,11:30:00
201,313,10,-9,-9,,121.51053934577942,25.08969605088942,32.0,0.0,0.0,"計時：20元/時，全程以半小時計費。月租：全日4,800元/月，全日里民優惠2,880元/月(社子里、社園里、社新里及葫東里)",20.0,Tue Jun 02 11:30:00 CST 2020,11:30:00
202,314,1,-9,-9,,121.50907513221901,25.088068991942137,33.0,0.0,0.0,"計時：30元/時，全程以半小時計費。月租：全日7,200元/月，全日里民優惠5,760元(社園里、社新里、葫東里及葫蘆里)，所在地里全日里民優惠5,040元(社子里)",30.0,Tue Jun 02 11:30:00 CST 2020,11:30:00
203,317,25,-9,-9,,121.4998462699022,25.034763788629533,210.0,0.0,0.0,"計時：30元(08-22)/時，10元(22-08)/時，全程以半小時計。洽公便民於停車上班時間08-20時止，經驗證後，前30分鐘免費。月租：全日9,600元/雙月，日間(07-19)、夜間(19-07)4,800元/雙月，里民7,680元/雙月。身心障礙優惠全4,800元/雙月，日間(07-19)、夜間(19-07)2,400元/雙月，里民3,840元/雙月。",30.0,Tue Jun 02 11:30:00 CST 2020,11:30:00
204,318,29,0,-9,,121.49134962293108,25.035433572219855,157.0,233.0,0.0,"小型車：每小時20元(全程以半小時計費)。月租：4,800元，里民(華江、糖廍、綠堤、青山、柳鄉)優惠3,000元。機車：每次20元，每日零時重新計算，月租300元。",20.0,Tue Jun 02 11:30:00 CST 2020,11:30:00
205,320,-9,-9,-9,,121.58900446903269,25.049449231459807,47.0,0.0,0.0,"計時：30元/時(06-24)，10元/時(24-06)，全程以小時計費。月租：全日3,200元，全日雙月6,400元，日間1,500元(週一至週五06-21)，夜間1,300元(每日19-隔日08)。",30.0,Tue Jun 02 11:30:00 CST 2020,11:30:00
206,321,-9,-9,-9,,121.58900446903269,25.049449231459807,41.0,0.0,0.0,"計時：30元/時(06-24)，10元/時(24-06)，全程以小時計費。月租：全日3,200元，全日雙月6,400元，日間1,500元(週一至週五06-21)，夜間1,300元(每日19-隔日08)。",30.0,Tue Jun 02 11:30:00 CST 2020,11:30:00
207,322,-9,-9,-9,,121.58900446903269,25.049449231459807,36.0,0.0,0.0,"計時：30元/時(06-24)，10元/時(24-06)，全程以小時計費。月租：全日3,200元，全日雙月6,400元，日間1,500元(週一至週五06-21)，夜間1,300元(每日19-隔日08)。",30.0,Tue Jun 02 11:30:00 CST 2020,11:30:00
208,324,-9,-9,-9,,121.57321646362273,25.034379909155952,56.0,0.0,0.0,"計時:100元/時，全程以半小時計費。月租:10,000元/月。",100.0,Tue Jun 02 11:30:00 CST 2020,11:30:00
209,326,10,-9,-9,,121.54712940892372,24.99966509182927,43.0,0.0,0.0,"計時：20元/時，全程以半小時計費。月租：全日4,800元，里民優惠全日3,840元/月(興福里、興邦里及興安里)，3,360元/月(興豐里)。",20.0,Tue Jun 02 11:30:00 CST 2020,11:30:00
210,327,0,-9,-9,,121.53541887387483,25.00419160955224,19.0,0.0,0.0,"計時：20元/時，全程以半小時計費。月租：全日4,800元/月，里民優惠全日3,840元/月(萬年里、萬隆里)、3,360元/月(萬和里)。",20.0,Tue Jun 02 11:30:00 CST 2020,11:30:00
211,328,10,-9,-9,,121.56367338879086,25.025126533958268,50.0,40.0,0.0,"計時：30元/時(全程以半小時收費)。月租：全日7,200元，里民優惠3,840元(雙和、惠安、三張、景勤、及景新等里3,840元/月。機車免費。",30.0,Tue Jun 02 11:30:00 CST 2020,11:30:00
212,331,0,-9,-9,,121.52891896467916,25.019425440518397,59.0,0.0,0.0,"汽車計時：30元/時(全程以半小時計費)。月租：全天7,200元/月，里民優惠5,760元/月(大安區古風里、大學里，中正區頂東里、富水里)；所在里里民優惠5,040元/月(中正區林興里、文盛里)",30.0,Tue Jun 02 11:30:00 CST 2020,11:30:00
213,333,2,-9,-9,,121.52084828447205,25.020990699085264,21.0,0.0,0.0,"汽車計時:20元/時(全程以半小時計費)。月租:全天4,800元/月;里民優惠3,840元/月(中正區網溪、林興里);所在里里民優惠3,360元/月(中正區河堤里)",20.0,Tue Jun 02 11:30:00 CST 2020,11:30:00
214,334,26,-9,-9,,121.5590637017597,24.996932872282034,81.0,0.0,0.0,"計時：30元/時，全程以半小時計費。月租：4,200/月。",30.0,Tue Jun 02 11:30:00 CST 2020,11:30:00
215,335,17,0,-9,,121.49354400050592,25.034161009061137,51.0,0.0,0.0,"計時：20元/時(全程以半小時計費)。月租：4,800元，里民(糖廍、青山、柳鄉、華江、綠堤、和平里)優惠3,000元/月。",20.0,Tue Jun 02 11:30:00 CST 2020,11:30:00
216,336,-9,-9,-9,,121.57814987561079,25.04918429005624,0.0,1658.0,0.0,"計時：30元/時，全程以半小時計費。月租：1,200元/月。",30.0,Tue Jun 02 11:30:00 CST 2020,11:30:00
217,338,88,-9,-9,,121.47140146635523,25.12682442072627,704.0,0.0,0.0,計時：100元/時，未滿30分鐘免費，停車未滿1小時以1小時計，停車逾1小時以上未滿半小時以半小時計。消費滿500元(含)折抵3小時，每日最多3小時計,100.0,Tue Jun 02 11:30:00 CST 2020,11:30:00
218,339,50,-9,-9,,121.53735122582943,25.06765106783825,357.0,0.0,0.0,"計時：30元/時，全程以半小時計費，前30分鐘內免費。月租：全日4,800元/月，夜間2,000元/月(18-08)，里民優惠3,360元/月(行孝里)，里民3,840元/月(行仁里、行政里、大佳里、下埤里)。身障月票上述票價半價。",30.0,Tue Jun 02 11:30:00 CST 2020,11:30:00
219,340,217,-9,-9,,121.60652162656548,25.052425237176696,406.0,0.0,0.0,"計時：40元/時，停車未滿1小時以1小時計，停車逾1小時以上者，未滿半小時以半小時計費。月租：全天4,000元。",40.0,Tue Jun 02 11:30:00 CST 2020,11:30:00
220,341,59,-9,-9,,121.58684207789386,25.05925300112175,355.0,0.0,0.0,"計時：60元/時，停車未滿1小時以1小時計，逾1小時以上者，未滿半小時以半小時計。月租：6,000元。",60.0,Tue Jun 02 11:30:00 CST 2020,11:30:00
221,342,-9,-9,-9,,121.5299167010918,25.01377128219988,146.0,0.0,0.0,"計時：30元/時，停車未滿1小時以1小時計，逾1小時以上者，未滿半小時以半小時計。月租：全日7,000元，日間(07-18)5,500元，夜間(18-08)3,000元，一次繳納6個月以上，可享9折優惠，以享優惠除外。",30.0,Tue Jun 02 11:30:00 CST 2020,11:30:00
222,343,63,-9,-9,,121.57614299682413,25.063963280997427,690.0,0.0,0.0,依現場公告。,,Tue Jun 02 11:30:00 CST 2020,11:30:00
223,345,15,-9,-9,,121.54115768929549,25.052971356504955,182.0,0.0,0.0,"行里、松山區松基里、中正里)優惠5,760元。全日所在里里民(中山區復華里)優惠月票5,040元。",60.0,Tue Jun 02 11:30:00 CST 2020,11:30:00
224,353,-9,-9,-9,,118.7545660707316,0.0,117.0,0.0,0.0,"計時:小型車40元/時，全程以半小時計費。月租:小型車全日7,000元/月，日間(07-18)5,500元/月，夜間(18-08)3,000元/月。計次:機車20元/次(隔日另計)",40.0,Tue Jun 02 11:30:00 CST 2020,11:30:00
225,354,-9,-9,-9,,121.54494456079512,25.012202414457175,36.0,0.0,0.0,"計時:40元/時，全程以半小時計費。月租:全日7,000元/月，日間(07-18)5,500元/月，夜間(18-08)3,000元/月",40.0,Tue Jun 02 11:30:00 CST 2020,11:30:00
226,355,-9,-9,-9,,121.58670669512699,25.04647095331336,20.0,0.0,0.0,"汽車計時：40元/時。全程以半小時計費。停車前30分鐘內離場免費，汽車月票：全日月租6,000元。",40.0,Tue Jun 02 11:30:00 CST 2020,11:30:00
227,356,-9,-9,-9,,121.519290457097,25.029082628991194,8.0,0.0,0.0,"汽車計時：40元/時。全程以半小時計費。停車前30分鐘內離場免費，汽車月票：全日月租6,000元。",40.0,Tue Jun 02 11:30:00 CST 2020,11:30:00
228,357,-9,-9,-9,,121.50734910683776,25.03560461098127,9.0,0.0,0.0,計時：40元/時。全程以半小時計費。入場前30分鐘免費。,40.0,Tue Jun 02 11:30:00 CST 2020,11:30:00
229,358,-9,-9,-9,,121.54500498543484,25.037483368490143,61.0,0.0,0.0,"計時：40元/時，停車前30分鐘內離場免費，全程以半小時計費，月租：全日6,000元/月",40.0,Tue Jun 02 11:30:00 CST 2020,11:30:00
230,359,-9,-9,-9,,121.50857916899824,25.051065451900712,80.0,0.0,0.0,"1.汽車計時：40元/時,全程以半小時計費。2.停車30分鐘內離場免費。3.汽車月票：全日月租6,000元。",40.0,Tue Jun 02 11:30:00 CST 2020,11:30:00
231,360,-9,-9,-9,,121.53164893932372,25.105659456663794,39.0,0.0,0.0,"汽車計時:40元/時，全程以半小時計費。停車30分鐘內離場免費，汽車月票：全日月租6,000元。",40.0,Tue Jun 02 11:30:00 CST 2020,11:30:00
232,361,337,1680,-9,,121.61888554310137,25.05582707541028,633.0,1806.0,0.0,"1.非展覽期：汽車30元/時，15分鐘離場者免費，停放15分鐘至1小時者以1小時計，逾1小時以上，未滿半小時以半小時計。每日最高收費150元，逾22時須另付過夜停車費300元。2.展覽期間：汽車60元/時，未滿1小時以1小時計，逾1小時以上，未滿半小時以半小時計，逾22時須另付過夜停車費300元。3.機車30元/次(隔日另計)。4.汽車員工/協力廠商月租1,000元/2,500元。機車員工/協力廠商機車月租200元。非本館員工及協力廠商汽/機車月租5,000元/1,000元。",30.0,Tue Jun 02 11:30:00 CST 2020,11:30:00
233,364,11,-9,-9,,121.51668998503185,25.03120327595833,17.0,0.0,0.0,費率平日30元/時. 假日40元/時,30.0,Tue Jun 02 11:30:00 CST 2020,11:30:00
234,365,175,-9,-9,,121.5138301220235,25.059124985517286,481.0,564.0,0.0,"計時：50元/時，停車未滿1小時以1小時計，逾1小時以上者，未滿半小時以半小時計費。機車20元/次。月租：全日5,000元。身心障礙者比照收費。",50.0,Tue Jun 02 11:30:00 CST 2020,11:30:00
235,371,0,160,-9,,121.6185821916041,25.055275014579312,0.0,1071.0,0.0,計次：平日20元/次，假日30元/次(隔日隔次另計，凌晨2時為基準)。月租：全日400元/月。,20.0,Tue Jun 02 11:30:00 CST 2020,11:30:00
236,372,159,-9,-9,,121.57171286563666,25.049716398519372,310.0,382.0,0.0,"計時：汽車週一至週四40元/時，週五至週日，政府行政機關放假之紀念日、民俗節日、政政機關彈性調整放假日50元/時，全程半小時計費。月租：汽車全日4,800元/月，全日里民優惠3,840元/月(新東里、安平里、新聚里、新仁里、雅祥里、四育里、五常里)，所在地里全日里民優惠3,360元/月(慈佑里)，機車全日300元/月。計次：機車20元/次(凡跨越每日凌晨零時起加計1次)。",40.0,Tue Jun 02 11:30:00 CST 2020,11:30:00
237,373,132,0,-9,,121.59666754128064,25.06632998154377,338.0,526.0,0.0,"計時：汽車30元/時，全程以半小時計費。月租：汽車4,000元/月。計次：機車20元/次(限當天，隔日另計)。",30.0,Tue Jun 02 11:30:00 CST 2020,11:30:00
238,374,15,-9,-9,,121.61921636907013,25.0726085015776,53.0,0.0,0.0,"計時：小型車30元/時。機車40元/時，最高收費上限20元。（全程以半小時計費）月租：小型車4,000元/月，里民優惠月票3,200元/月(內湖區安泰里、內溝里、東湖里)，所在地里民優惠月票2,800元/月(內湖區康樂里)。機車300元/月。",30.0,Tue Jun 02 11:30:00 CST 2020,11:30:00
239,375,82,-9,-9,,121.51882503229014,25.1189839899646,120.0,0.0,0.0,計時:40元/時(07-23)，夜間:20元/時(23-隔日07),40.0,Tue Jun 02 11:30:00 CST 2020,11:30:00
240,376,0,-9,-9,,121.52131440326805,25.119718441647805,34.0,0.0,0.0,計時：40元/時，夜間20元/時(23~07時)，進場未滿30分鐘免費，停車未滿1小時以1小時計，逾1小時以上者，未滿半小時以半小時計。,40.0,Tue Jun 02 11:30:00 CST 2020,11:30:00
241,377,0,-9,-9,,121.520523453282,25.11913304694881,366.0,0.0,0.0,40元/時，進場未滿30分鐘免費，20元/時(23-07),40.0,Tue Jun 02 11:30:00 CST 2020,11:30:00
242,378,4,-9,-9,,121.51940308206896,25.119165956440234,949.0,0.0,0.0,計時：40元/時(07-23)，夜間20元/時(23~07)，進場未滿30分鐘免費，停車未滿1小時以1小時計，逾1小時以上，未滿半小時以半小時計。,40.0,Tue Jun 02 11:30:00 CST 2020,11:30:00
243,379,0,-9,-9,,121.53764607709455,25.057628142647772,314.0,0.0,0.0,"計時：100元/時，停車未滿1小時以1小時計，逾1小時以上者，未滿半小時以半小時計。月租：全天12,000元/月，日間10,000元/月。",100.0,Tue Jun 02 11:30:00 CST 2020,11:30:00
244,380,-9,-9,-9,,121.56360199861831,25.05552903881888,85.0,0.0,0.0,"月租：每月4,000元",0.0,Tue Jun 02 11:30:00 CST 2020,11:30:00
245,381,1222,-9,-9,,121.61512171077351,25.056068140575075,1290.0,1136.0,0.0,"機車員工及協力廠商月租200元。非本館員工及協力廠商汽車/機車月租5,000元/1,000元。",200.0,Tue Jun 02 11:30:00 CST 2020,11:30:00
246,382,9,-9,-9,,121.61433500246632,25.05965198293927,137.0,0.0,0.0,"臨停：100元/時，停車未滿1小時以1小時計，逾1小時以上，未滿半小時以半小時計。月租：10,000元/月。",100.0,Tue Jun 02 11:30:00 CST 2020,11:30:00
247,383,0,-9,-9,,121.5360090036736,25.057122981869146,84.0,0.0,0.0,"計時：40元/時，全程以半小時計費，當日最高240元。月租：全日4,500/月，夜間2,500/月(18-08)。",40.0,Tue Jun 02 11:30:00 CST 2020,11:30:00
248,384,70,70,-9,,121.5625099964123,24.98788400746621,349.0,401.0,0.0,"計時：小型車20元/時。機車10元/時，機車當日當次最高收費上限20元(隔日另計)，全程以半小時計費。月租：小型車全日4,800元/月以3,000元促銷，里民優惠(明興里、樟林里、木柵里、忠順里)3,840元/月2,600元促銷，所在地里民優惠(明義里)3,360元/月以2,400元促銷；機車全日300元/月。",20.0,Tue Jun 02 11:30:00 CST 2020,11:30:00
249,385,32,23,-9,,121.55560200198481,24.988743977119274,211.0,0.0,0.0,"臨停：小型車20元/時（大型重機比照小型車收費）機車10元/時(當日最高上限20元，隔日另計)全程以半小時計費。月租：全日月票3,000元/月，全日里民優惠月票最高2,600元/月(樟林里、明義里)；所在地全日里民優惠月票2,400元/月(華興里)。機車月票300元。身心障礙這可享上述月票半價優惠。",20.0,Tue Jun 02 11:30:00 CST 2020,11:30:00
250,386,96,2654,-9,,121.52917299554872,25.01401091870181,350.0,3196.0,0.0,"計時：小型車平日30元/時，假日40元/時，特殊節日40元/時，停車未滿1小時以1小時計，逾1小時以上者，未滿半小時以半小時計。機車10元/次。月租：小型車全日6,000元/月。機車全日500元/月。",30.0,Tue Jun 02 11:30:00 CST 2020,11:30:00
251,387,182,-9,-9,,121.612171630532,25.05870187474105,235.0,0.0,0.0,"計時：100元/時，全程以半小時計費。月租：12,000元/月。",100.0,Tue Jun 02 11:30:00 CST 2020,11:30:00
252,388,0,-9,-9,,121.5380979954732,25.034768969030647,52.0,0.0,0.0,計時(以半小時為計費單,,Tue Jun 02 11:30:00 CST 2020,11:30:00
253,389,13,-9,-9,,121.5380200032818,25.03473593778308,175.0,0.0,0.0,計時(以半小時為計費單位),,Tue Jun 02 11:30:00 CST 2020,11:30:00
254,391,4,-9,-9,,121.53779000129043,25.037252987013286,84.0,0.0,0.0,計時(以半小時為計費單位)：,,Tue Jun 02 11:30:00 CST 2020,11:30:00
255,392,49,-9,-9,,121.53795100084469,25.038574927622644,218.0,0.0,0.0,計時(以半小時為計費單位,,Tue Jun 02 11:30:00 CST 2020,11:30:00
256,393,4,-9,-9,,121.53706000200823,25.043001005485092,92.0,0.0,0.0,計時(以半小時為計費單位)：,,Tue Jun 02 11:30:00 CST 2020,11:30:00
257,394,13,-9,-9,,121.5202459980112,25.091042990715504,55.0,0.0,0.0,"計以:100元/時，停車未滿1小時以1小時計，逾1小時以上者、未滿半小時以半小時計。月租:全日10,000/月",100.0,Tue Jun 02 11:30:00 CST 2020,11:30:00
258,395,10,-9,-9,,121.57491200018757,25.07184896069461,154.0,0.0,0.0,"計時：50元/時，停車未滿1小時以1小時計，逾1小時以上者，未滿半小時以半小時計。月租：全日6,000元/月。",50.0,Tue Jun 02 11:30:00 CST 2020,11:30:00
259,396,5,-9,-9,,121.5757370026819,25.071920966591613,291.0,0.0,0.0,計時:50元/時，停車未滿1小時以1小時計，逾1小時以上者，未滿半小時以半小時計。月租:全日6000元/月。,50.0,Tue Jun 02 11:30:00 CST 2020,11:30:00
260,397,29,-9,-9,,121.52094200382194,25.09658195220068,84.0,0.0,0.0,"計時：80元/時，全程以半小時計費。月租：全日10,000元",80.0,Tue Jun 02 11:30:00 CST 2020,11:30:00
261,398,93,-9,-9,,121.55986511619057,25.050216628855683,107.0,0.0,0.0,"計時：30元/時，停車未滿1小時以1小時計，逾1小時以上者，未滿半小時以半小時計。月租：全日10,000元。",30.0,Tue Jun 02 11:30:00 CST 2020,11:30:00
262,399,178,-9,-9,,121.52026891299904,25.09402595211992,432.0,0.0,0.0,"計時：50元/時，停車未滿1小時以1小時計，逾1小時以上者，未滿半小時以半小時計。月租：5,000元/月。",50.0,Tue Jun 02 11:30:00 CST 2020,11:30:00
263,400,0,51,-9,,121.52694996072123,25.090782978267807,0.0,0.0,0.0,計次:20元/次(凡跨越每日凌晨3時起加次1次)。月租:全日250元/月,20.0,Tue Jun 02 11:30:00 CST 2020,11:30:00
264,401,0,169,-9,,118.7545660707316,0.0,0.0,0.0,0.0,計次:20元/次(凡跨越每日凌晨3時起加次1次)。月租:全日250元/月,20.0,Tue Jun 02 11:30:00 CST 2020,11:30:00
265,402,1,-9,-9,,121.55181800061882,25.05141199134974,154.0,0.0,0.0,"汽車計時日間(08-20)40元/時，最高上限230元，夜間(20-08)30元/時，全程以半小時計費；月租4500元/月，日間月票3,500元，夜間月租3,000元。",40.0,Tue Jun 02 11:30:00 CST 2020,11:30:00
266,403,25,-9,-9,,121.52467499889471,25.09454697031973,36.0,0.0,0.0,計時：80元/時，全程以半小時計費,80.0,Tue Jun 02 11:30:00 CST 2020,11:30:00
267,404,-9,-9,-9,,121.50882399227577,25.039223992261338,42.0,92.0,0.0,"計時：小型車平日40元/時，假日50元/時；機車：20元/次，停車未滿1小時以1小時計，逾1小時以上者，未滿半小時以半小時計。月租：小型車5,400/月，機車480元/月。",40.0,Tue Jun 02 11:30:00 CST 2020,11:30:00
268,405,201,101,-9,,121.56839193996427,25.036879980538412,293.0,362.0,0.0,機車20元/時，入場前30分鐘內免費，停車未滿1小時以1小時計，逾1小時以上者，未滿半小時以半小時計。,20.0,Tue Jun 02 11:30:00 CST 2020,11:30:00
269,406,0,88,-9,,121.55780198560957,25.026504969546966,219.0,102.0,0.0,"收費上限20元(隔日另計)，全程以半小時計費。月租：小型車5,000元/月、機車300元/月。",20.0,Tue Jun 02 11:30:00 CST 2020,11:30:00
270,407,0,0,-9,,121.54014695797552,25.054652990463314,38.0,0.0,0.0,"租：全日4,800元/月，里民優惠3,840元/月(龍洲里、復華里)，3,360元/月(朱馥里)。",0.0,Tue Jun 02 11:30:00 CST 2020,11:30:00
271,408,3,0,-9,,121.56954492630906,25.04814698715736,63.0,0.0,0.0,"松山區慈佑里、新聚里、復盛里)，全日所在里里民優惠3,000元/月(信義區雅祥里；松山區新仁里)。",0.0,Tue Jun 02 11:30:00 CST 2020,11:30:00
272,409,12,-9,-9,,121.5614799231724,25.026706983488488,150.0,350.0,0.0,信義區景勤里、景聯里、景新里、黎順里、雙和里、三張里、嘉興里、景新里）。機車免費。,,Tue Jun 02 11:30:00 CST 2020,11:30:00
273,410,1,-9,-9,,121.56109094002741,25.026321960596967,82.0,0.0,0.0,"7,200元/月，里民優惠3,840/月(景勤里、景聯里、黎順里、雙和里及嘉興里)",200.0,Tue Jun 02 11:30:00 CST 2020,11:30:00
274,412,22,-9,-9,,121.56598887229376,24.98437504060532,45.0,0.0,0.0,"(忠順里、木新里、樟腳里、木柵里)，全日所在地里3,360元/月(順興里)。",60.0,Tue Jun 02 11:30:00 CST 2020,11:30:00
275,413,29,-9,-9,,121.57190441833764,25.042083359188727,61.0,0.0,0.0,"元/月(信義區興雅里、廣居里、敦厚里、長春里、五全里、六藝里)，全日所在地里民優惠月票3,360元/月(信義區富台里)。",,Tue Jun 02 11:30:00 CST 2020,11:30:00
276,414,33,-9,-9,,121.57188938151505,25.04243090635764,67.0,0.0,0.0,"月(信義區興雅里、廣居里、敦厚里、長春里、五全里、六藝里)，全日所在地里民優惠月票3,360元/月(信義區富台里)。",60.0,Tue Jun 02 11:30:00 CST 2020,11:30:00
277,415,-9,-9,-9,,121.56722995119637,24.98874299163732,23.0,0.0,0.0,"日里民優惠3,840元/月(忠順里、木新里、明義里、明興里)，全日所在地里民優惠3,360元/月(木柵里)。",40.0,Tue Jun 02 11:30:00 CST 2020,11:30:00
278,416,0,-9,-9,,121.467831997274,25.121014000124465,50.0,0.0,0.0,"計時：每小時20元(全程以半小時計費)。月租：全日4,800元，全日里民優惠月票3,840元(北投區一德里)，所在地里民優惠月票3.360元(北投區關渡里)。",20.0,Tue Jun 02 11:30:00 CST 2020,11:30:00
279,417,30,-9,-9,,121.53093999666781,25.068391953886103,114.0,74.0,0.0,"計時：30元/時，全程以半小時計。月租：全日5,000元/月；全日里民優惠4,000元(新喜里、大佳里、行孝里、行政里)所在地里優惠3,500元(新庄里)。機車(暫時開放免費停車)。",30.0,Tue Jun 02 11:30:00 CST 2020,11:30:00
280,418,0,0,-9,,121.5579803360972,24.99985039999825,255.0,176.0,0.0,1,,Tue Jun 02 11:30:00 CST 2020,11:30:00
281,419,38,-9,-9,,121.51030093137173,25.07234630690498,94.0,0.0,0.0,"計時：小型車每小時20元，全程半小時計費。月租：月票全日4,800元；里民優惠全日3,840元(重慶里與保安里)；所在地里全日優惠3,360元(老師里及鄰江里)；身心障礙民眾半價優惠。",20.0,Tue Jun 02 11:30:00 CST 2020,11:30:00
282,420,0,-9,-9,,121.55253699582714,25.04984295185675,16.0,43.0,0.0,"計時：汽車40元/時(08-22)，當日最高上限230元，30元/時(20-08)，全程以半小時計費。月租：汽車全日4,500元/月，日間3,500元/月，夜間3,000元/月，機車600元/月。計次：機車最高10/次(隔日另計)。",40.0,Tue Jun 02 11:30:00 CST 2020,11:30:00
283,421,231,-9,-9,,121.46245027672391,25.118681969316203,319.0,146.0,0.0,"所在里(關渡里)優惠3,360元/月；大車9,600元/月。小車與大車30分內離場免費。機車免費。",60.0,Tue Jun 02 11:30:00 CST 2020,11:30:00
284,422,1,-9,-9,,121.50277318035904,25.13251269416641,15.0,0.0,0.0,計時：80元/時，洽公臨時停車前30分鐘免費，逾30分鐘至1小時，優惠收費30元，逾1小時以上者，每半小時收費40元。,80.0,Tue Jun 02 11:30:00 CST 2020,11:30:00
285,423,9,-9,-9,,121.50384814254915,25.0430262526452,32.0,17.0,0.0,計時：汽車60元/時，全程以半小時計費。汽車月租：夜間每月3000元（與營業時間相同）。機車計次：20元/次。,60.0,Tue Jun 02 11:30:00 CST 2020,11:30:00
286,424,0,-9,-9,,121.52036161386116,25.049231575980468,26.0,0.0,0.0,"中正區正德里、黎明里、梅花里；大同區建泰里），全日里民優惠6,720元/月（中正區民安里）。",20.0,Tue Jun 02 11:30:00 CST 2020,11:30:00
287,425,0,-9,-9,,121.51621138290012,25.06478464039774,48.0,0.0,0.0,計時：每小時30元，停車未滿30分鐘者，以30分鐘計算收費，停車30分鐘以上者以1小時收費，超過1小時以30分鐘累計之,30.0,Tue Jun 02 11:30:00 CST 2020,11:30:00
288,426,7,-9,-9,,121.57557479364165,25.001013261672945,36.0,0.0,0.0,20元/時，全程以半小時計費，1500元/月。,20.0,Tue Jun 02 11:30:00 CST 2020,11:30:00
289,427,6,-9,-9,,121.46673765009865,25.126053561100694,17.0,25.0,0.0,"計時：汽車：20元/時、機車：20元/時，全程以半小時計費。月租：全天3,000元。",20.0,Tue Jun 02 11:30:00 CST 2020,11:30:00
290,428,58,-9,-9,,121.5355939065637,25.116304975299965,82.0,0.0,0.0,計時：汽車假日40元/時,40.0,Tue Jun 02 11:30:00 CST 2020,11:30:00
291,429,39,-9,-9,,121.57350100284188,25.03150093975832,101.0,0.0,0.0,"計時：30元/時(全程以半小時計費)。月租：全日4,500元，全日里民優惠3,840元，日間2,000元(07-19)，夜間里民優惠1,500元(18-08，星期六、日、政府行政機關放假之紀念日與民俗節時全日皆可停放)；優惠里：三犁、松友、安康等里。",30.0,Tue Jun 02 11:30:00 CST 2020,11:30:00
292,430,17,-9,-9,,121.54203362551064,24.990010559162045,46.0,0.0,0.0,"臨停：60元/時，全程半小時計費。月租：7,200元/月。",60.0,Tue Jun 02 11:30:00 CST 2020,11:30:00
293,431,54,-9,-9,,121.52856999903051,25.01165193948719,119.0,0.0,0.0,"計時：30元/時。全程以半小時計費。月租：全天3,000元/月；日間：2,200元/月；夜間：1,500元/月。",30.0,Tue Jun 02 11:30:00 CST 2020,11:30:00
294,432,60,-9,-9,,121.60451110826438,25.062765333978966,89.0,0.0,0.0,"計時：20元/時，停車未滿1小時以1小時計，逾1小時以上者，未滿半小時以半小時計費。月租：1,500元/月，限蘆洲里及相鄰里民眾申請租用。",20.0,Tue Jun 02 11:30:00 CST 2020,11:30:00
295,433,105,-9,-9,,121.53512318253559,25.010921149964386,136.0,0.0,0.0,臨停 40元/時(全程以半小時計費)，月租全天4000元，日間（07-21）2500元，水源里全天優惠3200元。,40.0,Tue Jun 02 11:30:00 CST 2020,11:30:00
296,434,18,-9,-9,,121.57206923653617,25.085725772090782,32.0,0.0,0.0,"計時：20元/時，全程以半小時收費。月租：全日里民優惠3,860元/月（內湖區華港里、西安里、西湖里、港都里），所在地里民優惠3,360元/月（內湖區麗山里）。",20.0,Tue Jun 02 11:30:00 CST 2020,11:30:00
297,435,1,-9,-9,,121.57505185877979,25.078257665678553,101.0,172.0,0.0,"計時：小型車30元/時，全程以半小時計費，月租：小型車4,500元/月，機車600元/月。機車：20元/次。",30.0,Tue Jun 02 11:30:00 CST 2020,11:30:00
298,436,7,-9,-9,,121.51976655791785,25.092837638127712,34.0,0.0,0.0,"計時：80元/時，前30分鐘免費，逾30分鐘至1小時部分，優惠收費30元，逾1小時以上者，未滿半小時以半小時計費。月租：日間2,000元，夜間1800元。",80.0,Tue Jun 02 11:30:00 CST 2020,11:30:00
299,437,56,-9,-9,,121.49939080843443,25.10973019995257,88.0,0.0,0.0,汽車計時：20元/時，全程以半小時計費。,20.0,Tue Jun 02 11:30:00 CST 2020,11:30:00
300,438,3,-9,-9,,121.53447822059502,25.026663791299033,115.0,0.0,0.0,"洽公民眾1小時內，前30分鐘免費，後30分鐘收費30元，爾後30分鐘收費40元。非洽公民眾30分鐘內收費30元，爾後30分鐘收費40元。月租：員工1,800元，民眾夜間1,500元。",30.0,Tue Jun 02 11:30:00 CST 2020,11:30:00
301,439,44,-9,-9,,121.46941924643822,25.119199853143343,57.0,52.0,0.0,計時：小型車每小時40元(全程以半小時計費)。計次：機車每次20元(隔日另計)。,40.0,Tue Jun 02 11:30:00 CST 2020,11:30:00
302,440,3,-9,-9,,121.56691270686642,25.033208324042818,17.0,0.0,0.0,停車前30分鐘免費，30分鐘至1小時收費30元，80元/時(全程以半小時收費)身心障礙者憑証免費。,30.0,Tue Jun 02 11:30:00 CST 2020,11:30:00
303,441,1,-9,-9,,121.60672898176942,25.054610157157732,9.0,0.0,0.0,80元/時，全程以半小時計費，洽公臨時停車30分鐘以下者免費，逾30分鐘至60分鐘收費30元，逾1小時部分，每30分鐘收費40元。,80.0,Tue Jun 02 11:30:00 CST 2020,11:30:00
304,442,8,-9,-9,,121.50977028117019,25.11672969122737,97.0,0.0,0.0,"臨停：07:00~22:00-30元/時；22:00~07:00-15元/時。全程以半小時計費。月租：5,700元。",30.0,Tue Jun 02 11:30:00 CST 2020,11:30:00
305,443,57,-9,-9,,121.5235486535758,25.03273842679132,106.0,99.0,0.0,"臨停：60元/時，停車未滿1小時以1小時計，逾1小時以上，未滿半小時以半小時計費。月租：7,000元/月。機車：20元/次。",60.0,Tue Jun 02 11:30:00 CST 2020,11:30:00
306,444,15,-9,-9,,121.50688989483601,25.050245787585613,24.0,0.0,0.0,30元/時，全程以半小時計費。,30.0,Tue Jun 02 11:30:00 CST 2020,11:30:00
307,445,100,-9,-9,,121.51426505015112,25.074987508201488,198.0,201.0,0.0,"計時：小型車60元/時，機車10元/時，機車當日當計最高上限20元(隔日另計)，全程以半小時計費。月租：小型車4,800元，機車300元。",60.0,Tue Jun 02 11:30:00 CST 2020,11:30:00
308,446,8,-9,-9,,121.51660799790052,25.10441221771942,64.0,0.0,0.0,1.夜間停車：6000元/季。2.全日停車：9000元/季。3.臨停：30元/次。4.本校在職及退休教職員工享有優先承租及場地管理維護費7折優惠。5.擔任本校志工80小時以上享有次優先承租及場地管理維護費8折優惠。6.年票方式收費，享有全年場地管理維護費9折優惠，且得與上述各項款優惠合併使用。但若中途退租，則扣除使用天數之原價後無息退還餘額。,0.0,Tue Jun 02 11:30:00 CST 2020,11:30:00
309,447,33,-9,-9,,121.52132704980268,25.08959633603094,64.0,0.0,0.0,"計時：30元/時(全程以半小時計費)。月租：全天4,200元/月；日間：3,600元/月(08-22)；夜間：3,000元/月(22-08)。身心障礙收費辦法比照，臺北市停車管理工程處公有收費停車場身心障礙者優惠停車查核作業規定辦理。",30.0,Tue Jun 02 11:30:00 CST 2020,11:30:00
310,448,24,-9,-9,,121.50372220048288,25.137414199908925,74.0,0.0,0.0,"1.汽車臨時停車:30元/小時(全程以半小時計費)2.全日月租:B1平面車位8,000元/月,B2與B3平面車位7,000元/月,B3機械車位3,500元;愛心車位使用者憑證月租半價優惠,設籍中心里里民按月租八折計收",30.0,Tue Jun 02 11:30:00 CST 2020,11:30:00
311,449,13,-9,-9,,121.58169060036388,25.04868475960621,94.0,0.0,0.0,"計時：30元/時，全程以半小時計費，月租：4,200元/月，公務車免費",30.0,Tue Jun 02 11:30:00 CST 2020,11:30:00
312,450,25,-9,-9,,121.49642238919996,25.02850965610009,35.0,0.0,0.0,"計時：30元/時，全程以半小時計費。月租：全天5,250元/月。週一至週五開放時間下午6時至隔日上午7時，例假日全日開放",30.0,Tue Jun 02 11:30:00 CST 2020,11:30:00
313,451,7,-9,-9,,121.58893361807553,25.06928078409081,20.0,0.0,0.0,"80元/時，全程以半小時計費，洽公車輛優惠前30分鐘經櫃檯承辦員蓋章者免費，逾30分鐘至1小時收費30元。夜間1,500元/月，上午8時後未出場者，超過時段以80元/時計。",80.0,Tue Jun 02 11:30:00 CST 2020,11:30:00
314,452,0,-9,-9,,121.55024581663936,25.04884130768227,57.0,0.0,0.0,"計時：30元/時，全程以半小時計費。月租：全日4,200元/月。",30.0,Tue Jun 02 11:30:00 CST 2020,11:30:00
315,453,13,-9,-9,,121.4664030184647,25.12017907550705,51.0,0.0,0.0,"計時：30元/時(全程以半小時計費；進場30分鐘內離場免費)月租：4,500元/月。",30.0,Tue Jun 02 11:30:00 CST 2020,11:30:00
316,454,29,-9,-9,,121.48397138523157,25.134871025007,184.0,0.0,0.0,計次：40元/次,40.0,Tue Jun 02 11:30:00 CST 2020,11:30:00
317,456,55,92,-9,,121.53163478649141,25.04534109442173,81.0,156.0,0.0,"計時：汽車60元/時，全程以半小時計費。月租：汽車10,000元/月。計次：機車20元/次(隔日另計)。",60.0,Tue Jun 02 11:30:00 CST 2020,11:30:00
318,457,8,-9,-9,,121.53350515991596,25.064399221659627,11.0,0.0,0.0,"計時：80元/時，洽公民眾30分鐘以下免費，31-60分鐘收費30元，逾1小時以上者，未超過半小時以半小時計。月租：員工小型車2,000元，機車200元，夜間小型車1,800元。",80.0,Tue Jun 02 11:30:00 CST 2020,11:30:00
319,458,8,-9,-9,,121.51577815253195,25.06631748665935,79.0,96.0,0.0,"計時：汽車80元，全程以半小時計費。月租：民眾夜間汽車1,200元(19:00-07:00)並含例假日，員工日間汽車1,800元(07:00-19:00)。機車免費。",80.0,Tue Jun 02 11:30:00 CST 2020,11:30:00
320,459,0,-9,-9,,121.57009232725466,24.989565076698327,55.0,0.0,0.0,"計時：日間30元/時(07-20)，洽公民眾前30分鐘免費；非洽公民眾、週六、週日30元/時(07-20)；夜間10元/時(週一至週日20-07)，最高收費至50元。全程以半小時計費。月租：2,000元/月(週一至週日18-08、",30.0,Tue Jun 02 11:30:00 CST 2020,11:30:00
321,460,5,-9,-9,,121.51053907628729,25.054949201993583,63.0,0.0,0.0,"臨停：60元/時，全程以半小時計費。月租：7,200元/月。",60.0,Tue Jun 02 11:30:00 CST 2020,11:30:00
322,461,67,235,-9,,121.5466346525617,25.020752500023352,190.0,347.0,0.0,"計時：小型車平日30元/時、假日40元/時，全程以半小時計費。月租：小型車全日6,500/月，日間5,000/月(07~19時)。計次：機車20元/次(隔日另計)。",30.0,Tue Jun 02 11:30:00 CST 2020,11:30:00
323,462,301,528,-9,,121.51794124617037,25.049177470170523,551.0,1041.0,0.0,"汽車臨停：週一至五9-21時100元/時、21-翌日9時60元/時，其餘時段(含例假日及國定假日)100元/時，全程以半小時計費，機車臨停：20元/時；每日上限100元(隔日另計)，月租：汽車全日8,000元、日間6,000元、夜間4,000元、里民優惠8折，身心障礙優惠7折；機車全日1,200元，里民1,000元。",100.0,Tue Jun 02 11:30:00 CST 2020,11:30:00
324,463,5,-9,-9,,121.55447798331413,25.058788920556324,146.0,0.0,0.0,"計時：30元/時，全程以半小時計費。月租(限設籍於大樓週邊民眾申請)：全日4,000元，夜間(19-08)1,200元，週六、日及例假日，如大樓無大型活動時，開放24小時。",30.0,Tue Jun 02 11:30:00 CST 2020,11:30:00
325,464,2,-9,-9,,121.57718440269709,25.049823075970053,15.0,0.0,0.0,"計時：80元/時，前30分鐘免費，逾30分至1小時，優惠收費30元，全程以半小時計。月租：員工2,000元/月，民眾夜間1,100元/月",80.0,Tue Jun 02 11:30:00 CST 2020,11:30:00
326,465,2,-9,-9,,121.51728292365559,25.068870985307022,45.0,183.0,0.0,"1.汽車：60元/時，全程以半小時計費。月租：8,000元/月；里民優惠6,400元/月；所在里里民(至聖里)5,600元/月；身心障礙月票優惠半價。2.機車當日計次50元；月租：2,400元/月；里民優惠1,900元/月，所在里里民(至聖里)1,600元/月；身心障礙月票優惠半價。",60.0,Tue Jun 02 11:30:00 CST 2020,11:30:00
327,466,5,-9,-9,,121.54620296423842,25.02051610612295,54.0,0.0,0.0,計時：30元/時，全程以半小時計費。,30.0,Tue Jun 02 11:30:00 CST 2020,11:30:00
328,470,6,-9,-9,,121.55144586683754,25.00152140350073,48.0,0.0,0.0,"計時：20元/時。全程以半小時計費。月租4,800元/月。",20.0,Tue Jun 02 11:30:00 CST 2020,11:30:00
329,471,14,-9,-9,,121.55312523855291,25.030614421246558,17.0,0.0,0.0,計時：80元/時，全程以半小時計費。,80.0,Tue Jun 02 11:30:00 CST 2020,11:30:00
330,472,250,136,-9,,121.565163622336,25.04066791522695,483.0,607.0,0.0,"臨停：汽車平日計時50元，假日計時60元，機車每小時10元，最高30元，全程以半小時計費。月租：汽車全日月票7,000元，日間月票6,000元(08-20時)，夜間月票4,000元(20-08時)，機車全日月票600元；月租優惠：里民享8折，身障者享7折優惠。",50.0,Tue Jun 02 11:30:00 CST 2020,11:30:00
331,473,14,-9,-9,,121.52104641309064,25.05034739367773,56.0,12.0,0.0,"計時：汽車100元/時，機車10元/時，全程以半小時計費，機車當日當次最高20元(隔日另計)。月租：汽車全日18,000元/月，汽車全日300元/月。",100.0,Tue Jun 02 11:30:00 CST 2020,11:30:00
332,474,0,-9,-9,,121.56932188774874,25.079383067375627,36.0,61.0,0.0,"計時：汽車40元/時，全程以半小時計費，月租：汽車9,600元/月，機車600元/月，計次：機車40元/次(隔日另計)。",40.0,Tue Jun 02 11:30:00 CST 2020,11:30:00
333,475,374,-9,-9,,121.59439735314928,25.084134946980928,666.0,0.0,0.0,"計時：100元/時，全程以半小時計費。月租：全日10,000元。",100.0,Tue Jun 02 11:30:00 CST 2020,11:30:00
334,476,19,-9,-9,,121.50675309747533,25.047408092011434,48.0,165.0,0.0,計時:小型車30元/時，全程以半小時計費。計次:機車20元/次，隔日另計。,30.0,Tue Jun 02 11:30:00 CST 2020,11:30:00
335,477,4,-9,-9,,121.53098732821506,25.033961433575744,15.0,0.0,0.0,"汽車計時：80元/時，停車未滿1小時以1小時計。逾1小時以上者，未滿半小時以半小時計。月租：全天月票8,000元/月。",80.0,Tue Jun 02 11:30:00 CST 2020,11:30:00
336,478,4,-9,-9,,121.52395424683337,25.05515436551887,18.0,0.0,0.0,"臨停:100元/時，停車未滿1小時以1小時計，逾1小時以上者，未滿半小時以半小時計費，身心障礙者比照收費。月租:全日:10000元，日間9,000元(08~20)，夜間8,000元(20~翌日08)。",100.0,Tue Jun 02 11:30:00 CST 2020,11:30:00
337,479,25,-9,-9,,121.53555164409254,25.052318001610733,246.0,0.0,0.0,"計時：80元/時，停車未滿1小時以1小時計，逾1小時以上者，未滿半小時以半小時計。月租：全天10,000元/月，日間(7-19)8,000元/月，夜間(19-07)6,000元/月。",80.0,Tue Jun 02 11:30:00 CST 2020,11:30:00
338,480,8,-9,-9,,121.53237380535921,25.111480548062893,71.0,0.0,0.0,"計時：60元/時(全程以半小時計費)全日月租：一般7,000元；所在里里民優惠(三玉里)4,900元。里民優惠(蘭雅里、芝山里、忠誠里、東山里、聖山里、天福里、岩山里)5,600元。",60.0,Tue Jun 02 11:30:00 CST 2020,11:30:00
339,481,11,-9,-9,,121.52422072373287,25.08780707673093,48.0,0.0,0.0,計時：前半小時免費，第一小時40元，第二小時50元，第三小時以上60元(最高60元)；全程以半小時計費。,40.0,Tue Jun 02 11:30:00 CST 2020,11:30:00
340,482,-9,-9,-9,,121.55531656322205,25.035241892363228,31.0,96.0,0.0,"計時:小型車60元/時，全程以半小時計費。月租:小型車14,000元/月，機車1,800元/月，里民全日優惠八折，所在里里民全日優惠七折。計次:機車60元/次(隔日另計)。",60.0,Tue Jun 02 11:30:00 CST 2020,11:30:00
341,483,355,-9,-9,,121.51801065027071,25.048512490262752,400.0,0.0,0.0,"計時：40元/時。全程以半小時計費。月租：5,500元。身心障礙者停車優惠前4小時免費，第5小時起按一般費率收費。",40.0,Tue Jun 02 11:30:00 CST 2020,11:30:00
342,484,57,-9,-9,,121.61064004402296,25.06649941363238,166.0,0.0,0.0,"計時：平日30元/時；假日40元/時（全程以半小時計）。月租：3,200元/月。",30.0,Tue Jun 02 11:30:00 CST 2020,11:30:00
